713 449 54 
68 49 51 
3063 80 40 
89 76 47 
2915 35 42 
713 710 708 
666 665 114 
3027 453 304 
102 72 37 
692 446 621 
1952 1546 255 
2993 603 616 
620 619 147 
101 41 36 
2147 353 26 
311 305 69 
673 142 672 
3023 307 306 
2921 2920 24 
2381 649 2380 
3063 2145 80 
2590 160 178 
1643 1592 856 
2144 2142 1608 
2978 2272 2271 
2070 1249 2069 
2935 185 2650 
2687 610 2685 
2841 2840 332 
327 326 75 
3047 579 581 
105 6 76 
2301 846 2300 
2085 1578 164 
2962 555 495 
554 544 166 
2591 433 518 
3022 42 37 
2304 2303 300 
2352 2331 275 
683 680 60 
105 72 7 
726 85 392 
2418 2403 2404 
2923 307 273 
2923 2922 59 
2782 338 63 
320 312 72 
2918 34 24 
2629 663 664 
483 477 154 
687 111 674 
2590 350 159 
3040 3001 52 
3039 638 640 
2646 53 43 
306 69 305 
698 317 460 
2375 2368 2366 
53 13 43 
3028 314 315 
3015 35 25 
391 287 390 
272 80 4 
101 68 51 
659 622 119 
335 334 77 
105 38 72 
3023 41 27 
2918 41 34 
2915 42 28 
102 37 42 
272 52 40 
78 31 52 
2272 33 30 
43 13 14 
690 334 689 
134 39 89 
78 35 31 
3015 449 31 
100 43 97 
272 40 80 
2978 34 33 
82 33 34 
83 34 41 
83 82 34 
84 35 78 
84 42 35 
328 136 326 
101 36 68 
72 45 7 
690 689 90 
659 143 622 
76 6 47 
134 68 39 
2723 2720 2722 
52 3 46 
3001 159 40 
41 10 11 
83 41 11 
42 9 44 
102 42 44 
53 30 33 
97 15 80 
78 52 46 
3040 52 31 
82 53 33 
53 50 13 
2803 453 451 
3037 160 29 
2589 215 1564 
2762 704 195 
2771 2769 183 
311 68 305 
1553 255 1548 
2319 2316 301 
458 457 319 
3022 313 314 
525 173 524 
2409 2406 295 
2348 2103 2347 
2672 841 842 
2390 2389 284 
2336 2334 2333 
511 433 508 
715 531 707 
313 312 73 
460 459 315 
701 461 317 
324 136 323 
723 325 441 
2844 342 148 
3076 150 343 
105 76 38 
89 47 48 
702 669 113 
325 324 135 
78 46 8 
84 78 8 
2401 861 866 
2273 726 727 
2145 100 97 
80 15 4 
2354 2276 2278 
2392 727 79 
82 12 50 
82 50 53 
83 11 12 
83 12 82 
84 8 9 
84 9 42 
2646 2645 30 
392 391 79 
1473 1435 934 
2137 1111 747 
2886 472 489 
1078 1076 268 
134 89 48 
689 688 90 
1504 1503 1256 
1943 1434 1903 
687 311 111 
691 674 112 
1340 826 398 
1169 752 1117 
679 678 69 
2732 683 308 
329 136 328 
2364 2349 124 
2782 322 338 
2763 322 323 
2644 468 464 
2968 2382 439 
2676 2673 2675 
678 143 677 
97 43 14 
97 14 15 
3065 281 98 
2311 283 2310 
2916 2803 25 
2809 458 521 
2146 2145 32 
2646 100 85 
101 51 10 
101 10 41 
102 44 45 
102 45 72 
2664 384 352 
2783 2650 2649 
105 7 6 
2181 2180 2178 
2592 2458 2442 
3081 2825 466 
351 350 108 
195 178 22 
2762 22 2761 
1637 1636 185 
697 696 586 
702 113 441 
703 112 702 
2473 114 665 
667 666 115 
587 582 354 
3053 576 577 
2785 126 2784 
358 327 75 
591 355 588 
2728 2699 573 
668 117 667 
607 606 118 
606 603 118 
3067 354 3066 
2993 616 145 
2880 659 119 
2895 2314 2103 
1173 754 1172 
1037 1036 820 
2693 455 349 
1746 1736 1735 
2566 2508 370 
2671 2670 570 
570 567 565 
1351 1349 1350 
2417 2402 292 
1214 1154 1153 
2340 2302 2338 
2327 2296 303 
2680 2674 595 
2577 396 2508 
2587 2583 2571 
2572 2567 2563 
134 48 49 
134 49 68 
333 321 320 
333 135 321 
323 321 135 
326 136 324 
2985 578 2984 
3066 582 581 
569 383 568 
3016 613 697 
499 498 492 
2497 501 502 
2960 2959 656 
2968 653 643 
1519 1518 1042 
1212 1211 757 
673 672 671 
677 675 111 
677 143 676 
622 617 119 
2899 557 2484 
560 559 558 
2441 152 559 
2455 2454 481 
600 67 599 
2678 605 146 
624 623 368 
594 355 592 
2795 2794 638 
637 368 623 
2843 330 2840 
2899 2484 345 
2462 556 152 
2831 2755 341 
3089 496 467 
3076 343 339 
2825 2824 466 
488 476 475 
2451 484 2445 
563 416 562 
660 155 493 
2962 2610 341 
660 494 153 
493 474 473 
474 156 473 
490 488 61 
3078 473 156 
160 159 29 
3063 159 32 
2457 2443 479 
3037 449 161 
178 160 22 
712 99 535 
161 22 160 
2760 201 2098 
2758 709 162 
544 539 166 
2471 2470 1574 
540 536 537 
553 551 165 
2098 202 1577 
2781 534 533 
531 167 530 
2096 172 529 
541 540 205 
2589 1573 215 
2471 704 163 
2134 2127 2131 
1565 1564 215 
2864 249 1061 
1585 1543 256 
1072 1069 259 
1059 253 1057 
3045 166 536 
526 173 525 
518 174 517 
2125 211 2123 
2116 211 1569 
510 508 509 
2126 1569 211 
1210 1209 789 
549 177 522 
527 524 177 
2590 108 350 
195 179 178 
2650 180 2649 
179 108 178 
385 181 384 
2663 2662 351 
2770 2769 387 
390 287 388 
2498 2400 21 
3082 379 848 
1584 1583 103 
2548 1581 444 
3031 857 378 
1156 780 1141 
2631 2108 1637 
2652 385 2651 
1624 445 1623 
1636 186 1584 
1561 1560 1559 
2768 1582 183 
2554 853 379 
2603 1559 1551 
2943 1645 1001 
1392 1374 1002 
1151 1150 1149 
1189 769 1121 
2927 1928 1326 
1364 1259 1272 
2099 1386 1385 
1598 1081 1077 
1597 1596 1236 
3092 195 704 
2761 709 2758 
2759 2758 162 
2760 704 196 
1128 750 1118 
1168 754 1166 
1526 1029 822 
1336 1198 1182 
2614 1058 1511 
2130 1056 1055 
2647 2542 1390 
2636 2634 1079 
1656 1088 1089 
1068 1067 199 
706 531 55 
2098 2097 202 
2094 204 2093 
1577 1576 203 
2470 203 1574 
1575 206 1572 
2094 2092 202 
2096 529 2095 
539 538 537 
2811 543 542 
543 541 542 
1572 1570 215 
2126 1568 1569 
1571 207 1568 
2797 1510 2796 
1568 1567 169 
1593 1558 1557 
1566 1556 1555 
2101 217 1562 
3012 1067 1069 
2125 2123 2124 
2122 2121 2119 
2129 1061 249 
2119 393 2118 
2708 212 2120 
1589 1092 1093 
1100 725 1098 
2859 2109 168 
1573 1572 215 
2589 1564 728 
1566 216 1565 
1551 1550 1549 
1562 217 1550 
1955 1560 1628 
1552 1550 218 
1101 224 1100 
1561 1559 219 
2104 1641 1591 
1102 219 1101 
1646 1645 1217 
2137 747 1091 
2510 852 835 
2946 1155 1648 
1120 1119 225 
1123 765 1122 
2928 1544 224 
2887 1541 725 
1144 1143 770 
1122 1121 769 
1193 1132 785 
1130 1129 755 
1293 1292 1291 
1352 1347 1346 
1162 775 1159 
1195 1192 761 
1652 1153 1651 
1143 1142 770 
1348 781 1347 
2006 1361 1358 
1266 1206 743 
2668 744 1104 
2706 829 2288 
1276 1275 737 
2838 742 1177 
1631 1265 1238 
2476 1319 1227 
1240 1239 363 
1976 1965 1966 
2828 1091 1090 
1638 1598 200 
1196 1193 785 
1180 1179 759 
2038 1296 1208 
2468 1317 2466 
3000 1327 795 
1632 1373 1247 
2158 1532 811 
1525 1284 239 
2735 1287 1286 
1540 1539 817 
2199 2198 1047 
2162 2160 243 
3073 1468 1449 
2717 2716 1369 
2256 2221 2247 
2186 1885 2180 
2176 2170 814 
2141 1424 936 
1986 1255 1985 
1794 995 1790 
2973 1667 2972 
2692 1840 1853 
1439 1436 930 
3054 1057 1056 
2129 2124 213 
2622 2616 2617 
2797 1595 1055 
2884 1069 1072 
1071 251 1070 
1600 1377 870 
1062 253 1059 
2624 2622 2621 
2152 1586 1547 
1548 255 1546 
1585 1542 1543 
1548 1545 210 
1587 1585 1586 
2153 257 2152 
1092 86 1090 
1589 1587 1588 
1076 1068 268 
2157 1072 1073 
1086 729 1085 
1097 1095 747 
1084 1083 235 
1110 1107 746 
2997 1893 1018 
1881 1880 1879 
2949 1966 903 
1889 1887 954 
1931 1379 424 
2260 1720 1723 
1793 1791 1792 
1082 1081 730 
1075 1074 1073 
2541 2539 382 
2541 2538 2539 
272 3 52 
1375 1269 732 
2636 2543 2475 
2621 2620 2594 
1603 234 1602 
2745 2743 2033 
1226 1225 739 
272 4 3 
2712 2709 1507 
2920 2919 2918 
2921 273 2920 
2332 2330 277 
2922 274 2352 
2370 2369 649 
2729 2352 275 
686 684 685 
2729 2350 2351 
2349 2332 2333 
2330 2312 2313 
2335 2334 280 
2822 2323 2321 
2312 282 2311 
2509 2308 293 
2388 2335 279 
2271 281 24 
2878 2271 2877 
2879 281 2878 
2416 283 2311 
2415 727 2391 
2310 81 2309 
2414 2392 79 
2395 288 2394 
2398 2397 289 
2413 2405 2404 
2660 392 2659 
2397 2395 2396 
2662 2661 26 
388 287 384 
2403 2398 285 
2394 2393 286 
2400 2399 21 
2814 2813 291 
2830 859 860 
2412 858 2411 
389 388 181 
862 851 860 
2420 2419 2306 
2417 2390 2410 
2328 2304 2315 
2308 292 2307 
2407 2405 298 
2419 2406 132 
839 377 838 
2902 373 2293 
2300 846 2289 
2299 845 2292 
2327 2298 2296 
2409 2294 2297 
828 827 776 
2280 2279 2278 
2315 2304 300 
2329 2325 301 
2411 2407 298 
2815 866 861 
2325 2324 301 
2319 302 2318 
2317 2315 300 
2474 2322 279 
2348 2336 2103 
2306 2303 293 
2329 2326 2325 
2917 2916 2915 
2917 314 304 
305 68 36 
306 305 36 
3023 306 36 
679 306 60 
307 60 306 
2919 307 27 
308 60 307 
2351 2350 276 
2090 692 309 
692 682 680 
2733 2732 59 
2534 646 685 
311 39 68 
677 311 69 
312 37 72 
320 72 38 
314 313 63 
313 37 312 
3022 314 28 
315 314 63 
3028 62 3027 
699 698 63 
459 316 456 
2648 463 464 
701 336 462 
461 316 460 
2507 516 532 
456 455 62 
2644 470 468 
521 458 431 
320 73 312 
333 320 38 
321 73 320 
323 322 321 
338 322 94 
322 73 321 
324 323 135 
2763 323 136 
335 135 333 
326 324 75 
441 325 77 
325 75 324 
723 358 75 
2784 328 326 
331 327 115 
2785 2784 327 
330 328 126 
3086 328 330 
336 329 74 
2763 329 94 
3086 330 74 
2840 126 332 
576 331 115 
2985 2984 332 
332 126 331 
2842 2841 332 
334 333 38 
335 333 334 
334 38 76 
689 334 76 
335 77 325 
335 325 135 
336 94 329 
2801 337 462 
462 95 461 
343 74 339 
700 699 338 
2782 63 313 
339 74 330 
340 339 148 
342 340 148 
2756 2755 340 
2462 555 556 
2831 2610 496 
2844 2841 2842 
2757 555 2756 
2824 343 150 
2801 343 337 
2485 2484 344 
344 149 342 
2779 580 2721 
2725 347 2724 
2693 534 99 
568 347 566 
533 510 173 
566 565 144 
3084 584 583 
353 350 351 
350 32 159 
353 351 26 
2649 351 108 
2665 384 2664 
2661 287 2660 
2658 2147 26 
353 32 350 
597 596 354 
592 355 591 
2689 614 357 
591 588 587 
590 357 589 
590 589 588 
695 614 356 
2983 613 585 
613 589 608 
668 667 358 
358 115 327 
505 492 504 
503 497 397 
2654 639 661 
2675 625 2588 
499 360 500 
1602 1228 1601 
2002 1254 2001 
1402 1400 1309 
2024 2023 1261 
2889 2888 1245 
1417 951 1416 
2060 1258 2056 
1427 898 1425 
2488 2080 1395 
1617 1615 1616 
3017 662 641 
2578 2229 2425 
2573 2572 626 
2677 2508 601 
2424 2423 610 
2547 2408 373 
2667 2358 2279 
842 841 374 
3032 838 377 
3030 836 834 
2356 832 2355 
2363 2362 831 
2832 1214 376 
858 857 377 
3032 836 838 
865 855 850 
3031 847 837 
1155 1154 835 
3082 849 379 
3049 1065 2540 
2721 584 2720 
2479 383 569 
2750 1388 2749 
2741 2475 1389 
388 384 181 
384 287 352 
2665 2651 385 
2820 386 2819 
2819 386 2770 
2821 386 2820 
2770 386 2769 
2772 387 2771 
2770 389 181 
3059 390 388 
2499 2498 389 
3059 389 21 
2396 390 21 
391 390 286 
2414 286 2393 
726 392 79 
2658 392 85 
2659 392 2658 
2121 2116 393 
2117 2114 2115 
2116 175 2113 
3018 2112 542 
2117 553 165 
2965 546 395 
2823 553 394 
2688 2676 2677 
2422 614 611 
2587 2545 2583 
2684 2683 610 
471 397 470 
469 468 397 
1343 1342 781 
1292 826 788 
1265 1260 417 
2031 2024 2030 
1629 399 1614 
2027 362 1263 
1501 1493 1310 
2022 2014 2021 
1402 1399 1400 
1406 1402 1309 
2829 1396 1924 
1424 1423 936 
1419 951 1418 
1738 1737 1467 
2477 1445 1431 
1682 1668 1681 
2945 997 2536 
1718 1717 972 
1707 1705 969 
2874 1485 2873 
1434 1433 929 
1688 1680 1672 
1902 1901 897 
1435 1432 934 
1984 1983 1308 
1476 1470 1415 
2970 1452 1469 
2866 2865 1461 
1502 1484 1331 
1299 414 1297 
1300 1299 1298 
2154 1303 1300 
2997 2156 1870 
1977 1501 1310 
565 560 144 
562 416 561 
570 565 566 
2900 2899 345 
1245 1243 716 
1611 1238 1265 
1245 716 1237 
2018 2017 420 
2666 2048 719 
3061 1246 419 
2075 1632 1247 
2017 1252 2015 
2079 2078 1394 
1382 1380 1381 
2043 2042 1185 
2055 2053 2052 
2274 1213 1318 
1315 1213 237 
1923 906 1922 
1379 1378 424 
2812 1917 1915 
1932 1929 1930 
1398 427 1394 
1503 1393 1373 
1398 1394 1393 
2086 1397 1422 
1539 1535 817 
2932 1324 1325 
2754 2165 2166 
1327 1321 1322 
1518 1517 807 
1531 1328 429 
519 506 502 
521 515 516 
724 512 514 
515 506 507 
511 507 432 
518 513 174 
724 432 519 
499 492 360 
2091 648 446 
3075 642 436 
3075 640 642 
644 436 642 
2640 663 438 
2656 2654 634 
2629 664 653 
2374 2371 2373 
2580 636 2546 
723 441 113 
703 77 691 
2960 656 655 
1626 1625 1624 
1955 1622 1552 
2135 1627 443 
1628 1626 442 
2549 2548 444 
1581 1580 444 
2109 186 2108 
1624 1623 1622 
2091 686 93 
2971 621 446 
1556 209 1555 
2131 2130 1055 
2796 1558 448 
1594 448 1593 
3040 449 29 
3015 450 449 
2916 453 2803 
450 54 449 
712 452 711 
451 54 450 
715 708 452 
711 710 54 
3027 454 453 
453 99 451 
454 99 453 
455 454 62 
459 456 62 
2507 318 516 
457 456 316 
456 318 455 
457 318 456 
2648 316 463 
469 458 319 
2497 502 431 
3028 459 62 
698 460 315 
461 460 317 
460 316 459 
701 700 336 
463 461 95 
2801 462 336 
2826 462 337 
463 316 461 
464 463 95 
2648 464 319 
2644 95 465 
470 397 468 
2826 465 95 
3089 467 3080 
3081 466 3080 
473 467 107 
3080 467 3079 
497 469 397 
468 319 464 
469 139 458 
469 319 468 
3081 470 465 
471 470 151 
472 471 151 
2886 503 471 
3079 3078 472 
489 156 488 
493 473 107 
3078 156 472 
478 106 477 
476 154 475 
483 154 476 
476 156 474 
488 475 61 
3070 477 483 
483 476 474 
2450 2449 106 
2442 2436 2439 
2454 2447 2448 
2450 106 478 
2598 2597 478 
2454 2453 482 
2452 2451 153 
2456 2447 2446 
483 474 155 
3070 483 155 
3009 2441 559 
2445 484 2440 
2434 563 2432 
2440 2435 158 
2435 2434 487 
2439 2436 487 
2432 486 2433 
2461 2442 2439 
2441 2440 484 
490 489 488 
488 156 476 
2886 489 359 
489 472 156 
2882 490 61 
490 359 489 
492 491 360 
505 491 492 
504 497 503 
494 493 107 
493 155 474 
2455 660 153 
2610 494 107 
2653 2452 152 
2963 494 2961 
2831 150 2755 
496 107 467 
504 498 497 
497 139 469 
501 498 499 
498 139 497 
499 500 434 
501 499 434 
501 139 498 
502 501 434 
520 500 121 
519 502 434 
2497 431 458 
503 397 471 
504 503 359 
505 504 359 
504 492 498 
505 359 490 
2882 505 490 
507 506 432 
506 431 502 
511 508 507 
515 507 122 
509 508 433 
508 122 507 
2591 524 509 
510 509 173 
533 532 510 
510 122 508 
724 519 520 
514 513 511 
513 433 511 
522 518 517 
513 512 174 
518 433 513 
2937 2591 518 
514 512 513 
514 511 432 
516 515 122 
515 431 506 
521 516 318 
532 516 122 
522 517 18 
520 519 434 
519 432 506 
520 434 500 
724 520 121 
2809 521 318 
521 431 515 
549 18 548 
2937 177 2591 
549 548 523 
554 527 550 
3077 527 172 
524 173 509 
530 525 172 
3062 530 167 
535 526 167 
535 534 526 
3077 172 525 
550 527 177 
3045 536 529 
528 172 527 
2095 529 204 
529 172 528 
2096 531 530 
3062 167 526 
2097 706 55 
707 531 706 
2507 532 349 
532 122 510 
2781 173 526 
533 349 532 
2693 99 454 
534 349 533 
714 712 535 
535 99 534 
536 204 529 
537 536 166 
540 537 205 
539 537 166 
2112 538 394 
538 205 537 
554 166 528 
2965 552 546 
2093 540 541 
540 204 536 
2093 541 164 
542 541 205 
3018 538 2112 
2811 542 175 
1650 207 1571 
2085 1650 1578 
553 552 551 
547 546 544 
547 395 546 
548 547 523 
546 539 544 
547 544 523 
547 545 395 
548 18 545 
548 545 547 
550 549 523 
549 522 18 
550 177 549 
554 550 523 
2823 394 538 
552 539 546 
2823 539 552 
554 523 544 
554 528 527 
2756 555 341 
556 555 149 
557 556 149 
558 556 557 
558 557 144 
2484 557 149 
558 152 556 
560 558 144 
559 152 558 
3009 559 416 
560 416 559 
565 561 560 
2670 2669 564 
561 416 560 
2431 562 2430 
562 104 2430 
2432 563 2431 
3009 563 485 
574 567 564 
575 574 104 
2899 566 144 
575 104 562 
567 561 565 
2901 569 568 
2719 568 383 
2495 345 2485 
2496 2495 578 
570 566 347 
571 570 347 
2671 346 2669 
602 586 65 
2724 2719 2723 
2728 2727 602 
2700 2699 2698 
2671 570 571 
2670 567 570 
575 562 561 
575 567 574 
575 561 567 
577 576 115 
578 576 137 
666 577 115 
579 577 114 
2496 137 2479 
2984 578 66 
3053 579 137 
581 579 114 
580 137 579 
2721 138 584 
3047 581 138 
3067 597 354 
2934 587 116 
582 138 581 
583 138 582 
585 583 116 
584 138 583 
2722 2720 584 
3084 585 348 
2983 589 613 
3042 1855 1857 
586 348 585 
2934 116 583 
591 587 354 
588 116 587 
590 588 355 
589 116 588 
608 589 357 
2630 355 594 
2630 598 590 
596 591 354 
596 592 591 
2753 593 2679 
2680 2679 2674 
2753 658 593 
2718 593 658 
2630 594 133 
2679 594 592 
2681 594 2680 
2675 2673 624 
599 596 597 
596 67 592 
2473 665 607 
2473 599 597 
598 357 590 
2685 610 2683 
600 599 118 
599 67 596 
603 600 118 
658 600 145 
2423 2422 611 
2688 2682 2681 
2725 2724 573 
2728 2726 2727 
606 604 603 
616 603 119 
672 604 71 
604 119 603 
620 145 618 
623 605 147 
670 668 669 
606 71 604 
670 607 117 
2473 118 599 
2685 2683 2682 
614 608 357 
2689 611 614 
2684 2423 611 
693 613 608 
2689 2684 611 
695 693 608 
3016 697 586 
618 616 617 
617 616 119 
615 356 614 
622 621 617 
618 617 70 
618 145 616 
619 618 70 
620 147 605 
2794 70 648 
2718 658 145 
620 618 619 
692 621 92 
621 70 617 
681 622 143 
622 92 621 
623 146 605 
637 623 147 
624 146 623 
625 624 368 
2930 2929 625 
2572 633 2567 
2565 2562 628 
2588 2573 626 
2930 639 2654 
2574 633 2572 
2561 629 2560 
2558 371 2559 
2576 657 2514 
2560 2557 2558 
2516 2515 631 
2575 2564 635 
2584 127 2583 
2513 631 2556 
2425 632 2905 
2571 2568 2567 
2569 635 2568 
662 661 96 
2999 636 2656 
2568 635 2564 
2516 2513 2514 
2580 2546 2545 
2656 636 369 
2582 2581 2571 
2546 438 2544 
2629 653 654 
664 437 653 
638 637 147 
3039 639 637 
2795 638 147 
640 638 435 
639 368 637 
661 639 96 
3039 640 96 
642 640 435 
641 96 640 
3017 436 643 
647 642 435 
2986 644 642 
3017 437 662 
2383 645 2382 
646 644 93 
2381 2380 645 
2387 2383 436 
2384 2374 656 
685 646 93 
649 646 276 
2986 647 93 
648 647 435 
2794 648 435 
2971 648 70 
2350 275 2349 
2380 649 140 
2367 2366 2365 
2369 650 2368 
2375 652 2368 
2386 2334 2335 
2373 2372 440 
2371 2368 652 
653 437 643 
654 653 439 
656 440 655 
2987 437 664 
2373 440 656 
2384 2382 2379 
2960 58 654 
2718 145 620 
658 67 600 
2517 2516 2514 
2880 119 604 
676 659 142 
2598 660 481 
660 493 494 
662 96 641 
2654 661 634 
2999 662 437 
662 634 661 
2640 2546 636 
666 114 577 
665 117 607 
667 115 358 
666 117 665 
668 358 113 
667 117 666 
669 668 113 
670 71 606 
702 671 669 
670 669 71 
670 606 607 
670 117 668 
671 71 669 
673 671 112 
672 71 671 
2880 672 142 
674 673 112 
675 673 674 
687 674 90 
675 674 111 
677 676 675 
675 142 673 
676 143 659 
676 142 675 
677 111 311 
678 677 69 
679 69 306 
682 678 679 
680 679 60 
682 681 678 
683 60 308 
692 680 309 
681 92 622 
681 143 678 
682 92 681 
682 679 680 
2732 684 683 
683 309 680 
685 684 310 
684 309 683 
2534 685 310 
686 685 93 
686 309 684 
2091 93 647 
688 687 90 
687 39 311 
688 89 39 
688 39 687 
689 76 89 
689 89 688 
691 690 90 
690 77 334 
691 77 690 
691 90 674 
692 92 682 
2090 309 686 
695 608 614 
697 612 696 
697 693 612 
697 613 693 
695 694 693 
695 356 694 
694 612 693 
696 65 586 
698 315 63 
699 63 338 
700 338 94 
699 317 698 
700 317 699 
700 94 336 
701 462 461 
701 317 700 
703 702 441 
702 112 671 
703 441 77 
703 691 112 
2470 1577 203 
3092 704 109 
2108 705 168 
2632 2631 109 
2759 706 201 
707 706 162 
708 707 162 
715 452 714 
709 708 162 
713 708 709 
709 22 161 
713 709 161 
711 54 451 
710 452 708 
712 711 451 
711 452 710 
712 451 99 
714 535 167 
713 161 449 
713 54 710 
715 714 167 
714 452 712 
715 167 531 
715 707 708 
1239 1235 716 
1237 716 1236 
1319 718 1227 
1233 717 1232 
3060 1203 1202 
1232 1226 1228 
3061 2067 1242 
2049 2047 721 
2073 2069 1249 
2666 2051 2048 
2046 1187 2045 
2480 2065 1220 
1177 1176 741 
2042 2041 2040 
723 113 358 
723 75 325 
724 121 512 
724 514 432 
1541 1093 1094 
1098 725 1096 
727 726 79 
2645 726 2273 
2991 2272 2273 
2392 2391 727 
1564 1563 728 
1623 728 57 
1083 729 1082 
3025 729 1086 
3033 1088 732 
1087 1082 730 
1267 735 1266 
1271 1171 744 
2810 1080 1078 
1268 1267 731 
1386 734 1385 
1269 1268 732 
2715 1509 2713 
1275 1272 737 
3060 1204 736 
1206 1201 740 
1205 736 1204 
2481 736 1225 
2969 1269 1277 
1602 1601 1229 
2740 1384 1385 
2740 1506 738 
1228 1226 739 
1225 1224 739 
1199 741 1173 
1206 1174 743 
1175 754 1173 
1220 233 1203 
2595 2063 2064 
2063 1177 742 
1271 744 1089 
1270 1266 743 
1170 748 1105 
1116 1106 748 
1104 745 1084 
1107 1106 191 
1114 805 1109 
2633 1111 1113 
1096 1094 1095 
1091 260 1090 
1117 1116 748 
1106 1105 748 
1118 764 1115 
1116 1115 191 
1190 1131 755 
1119 1118 750 
1137 1136 751 
1635 787 1145 
1167 1166 754 
1135 1117 752 
1165 753 1133 
1178 756 1134 
1175 1167 754 
1172 754 1168 
1131 1130 755 
1133 1132 226 
1197 1134 756 
1296 1180 759 
1336 1211 1223 
1181 756 1180 
1523 1521 1520 
1288 1283 1282 
1183 1179 197 
2044 1208 1184 
2274 1318 1649 
2988 1223 1278 
1191 1190 761 
1192 1191 761 
1194 1191 762 
2948 1283 1284 
1198 1195 236 
1281 1221 1222 
1188 765 1123 
1115 1114 191 
1138 1122 769 
1112 1111 746 
1126 1125 766 
1125 768 1124 
1215 768 1125 
1505 1151 780 
2942 1099 2941 
1392 1127 768 
1146 786 1144 
1139 1138 769 
1160 1142 773 
1140 1139 770 
1157 1156 771 
1141 1140 771 
1151 1149 780 
1159 806 1158 
1160 1157 771 
1376 1143 227 
1163 1162 774 
1161 1160 773 
1354 1353 798 
1654 1653 806 
1528 829 1527 
829 828 776 
1353 1344 798 
1341 1340 398 
1358 800 1357 
1127 1124 768 
2940 1097 2633 
1148 767 1126 
1148 1141 780 
2206 784 2197 
1345 1343 781 
3072 1054 2203 
1351 1350 791 
1295 1289 1294 
1290 1289 228 
1348 1347 784 
2205 2201 1047 
2739 2738 1030 
2130 2128 1056 
1134 1133 753 
1197 1196 785 
1189 1137 786 
1635 1147 787 
1145 227 1144 
1209 1207 789 
1338 1337 788 
1291 788 1210 
1210 788 1209 
1194 91 1191 
2195 2194 1051 
1349 1345 790 
2192 2148 1051 
2696 1360 1359 
2276 2275 803 
2277 792 2276 
1280 1278 760 
1327 1322 795 
2280 804 2279 
1323 795 1322 
1935 1934 817 
2731 2194 2730 
1356 1355 799 
2035 827 1354 
1357 1356 799 
1351 230 1349 
1529 802 1528 
1527 1357 800 
1639 1514 1515 
1321 1279 794 
1633 231 1530 
1533 1532 429 
2283 2282 2281 
2278 2276 803 
2291 2289 2287 
2300 2289 2290 
1112 1109 805 
1339 1120 765 
1655 1653 831 
1158 1157 229 
1049 868 1048 
1514 1513 1320 
1041 1029 808 
1522 1521 816 
1043 1031 1032 
1285 823 1284 
1532 1531 429 
1640 1518 807 
1536 871 1534 
2160 2158 2159 
2181 873 2180 
2472 1536 1537 
3029 1535 813 
1537 1536 813 
2171 2168 2169 
2182 2181 872 
1521 824 815 
1517 1513 807 
1526 1523 1029 
1524 1222 1522 
1535 1329 817 
2909 1934 1933 
2179 2163 872 
1038 1036 1037 
1040 1039 1038 
2851 2850 825 
1049 1041 1042 
1525 1524 816 
1286 823 1285 
2208 2195 1051 
1289 823 1286 
2948 1295 870 
1223 824 758 
2988 1516 824 
3072 2483 1044 
3091 1033 825 
1376 1338 826 
1340 1164 826 
2036 1654 775 
1354 1163 1353 
830 828 792 
2037 2036 827 
1527 776 1357 
2288 829 802 
2362 2361 833 
2037 830 131 
1655 1652 1653 
831 131 830 
2357 2355 297 
2361 2356 375 
3030 834 833 
833 376 831 
1363 835 1214 
834 376 833 
2510 1363 184 
1154 222 1152 
836 184 834 
838 836 375 
837 184 836 
857 837 377 
840 838 375 
3068 840 374 
841 839 374 
3019 130 858 
2359 2357 2358 
3068 374 839 
2596 2408 130 
3020 3019 839 
2360 374 2359 
2672 2290 2293 
2359 840 2357 
2292 845 2291 
849 847 378 
2286 64 2285 
847 184 837 
2421 2301 804 
2657 2291 844 
848 184 847 
852 848 379 
851 849 378 
2552 2551 850 
2553 849 2552 
2550 864 2549 
2830 860 851 
2551 851 182 
853 852 379 
1648 853 1647 
2554 2553 850 
1647 20 1646 
1646 1644 1645 
1216 1215 767 
1590 444 1580 
855 20 853 
2778 2104 1102 
1643 1642 20 
3019 858 377 
2609 857 858 
2411 858 130 
2609 859 857 
860 859 290 
859 378 857 
2815 2814 860 
2814 861 2813 
2412 866 290 
2816 2400 2813 
863 862 291 
862 182 851 
863 182 862 
2499 863 291 
2772 182 863 
2548 183 1581 
1592 865 444 
2551 2550 850 
2413 2404 285 
2413 2401 866 
2754 1053 869 
2228 1640 1538 
2855 2852 1033 
2228 1052 430 
2167 2163 889 
2165 2164 819 
1600 1210 789 
1283 870 762 
2506 2185 2159 
2506 2159 811 
2179 2177 889 
2185 2182 872 
2184 2183 812 
2511 1956 1882 
1876 1866 882 
901 881 900 
1960 892 1958 
1956 1881 1882 
1976 1973 1961 
1858 894 1856 
1852 1851 955 
1974 1860 1973 
1959 1958 875 
1962 902 1961 
1873 1847 1857 
2191 2190 2188 
1835 1831 1011 
2501 1849 1866 
1877 1876 882 
2189 2188 899 
1837 1009 1836 
2997 1870 1844 
1823 885 1799 
2602 2599 1830 
1954 1004 915 
2233 1733 2232 
1819 918 1818 
2489 1817 1798 
2177 2169 889 
2953 1024 1809 
1764 1745 980 
2164 2162 2163 
2175 890 2174 
2171 818 1040 
2627 2218 2268 
2215 2210 1024 
1958 892 1957 
1957 1956 875 
1884 1883 1863 
1857 1855 1845 
1861 892 1860 
1887 1886 954 
1889 1856 894 
1851 895 1850 
1905 1900 911 
1762 999 1761 
1953 915 1843 
1913 1911 908 
1438 929 1437 
1972 1965 1971 
1916 1425 898 
2175 2174 899 
2176 1885 899 
3036 901 1879 
1879 901 874 
2191 2188 2189 
1964 1963 904 
1971 1964 1967 
1921 1913 908 
2976 2975 1859 
1970 1540 1930 
1969 1967 904 
1922 1917 425 
2812 907 1972 
1426 1419 1425 
1915 1914 907 
1921 908 1908 
2209 907 1909 
1911 1907 1906 
1921 1908 1909 
1919 1427 1428 
1906 1905 911 
1418 1417 950 
1428 1427 910 
1904 911 1900 
1908 1906 911 
1763 1762 896 
1899 912 1898 
1761 1007 896 
2847 1902 913 
1850 1842 955 
1899 1897 895 
3046 1008 1004 
1843 264 1842 
1754 1753 996 
1786 916 1755 
1825 1824 1013 
1864 1008 1009 
1826 1825 1013 
2491 1815 1803 
1778 1777 988 
1788 1787 991 
1765 1718 1764 
1741 1740 990 
2704 978 2257 
2240 2237 1721 
1944 1714 1715 
1769 1768 981 
1657 1471 960 
1747 1658 1659 
1747 1706 1658 
1460 941 1458 
1774 982 1772 
2628 1676 1663 
2799 1489 1694 
1918 1907 909 
2992 1699 1698 
1673 1671 923 
2533 1696 1683 
2270 1438 1759 
2891 2804 1443 
1441 932 1440 
2787 1756 932 
2503 2502 1468 
3083 932 1756 
1441 1439 930 
1779 1752 406 
1749 996 1748 
2606 1431 950 
1447 934 1446 
1448 1446 935 
1409 1314 1408 
2861 2860 1410 
2140 1414 2139 
2896 1451 940 
1472 1449 1448 
1414 1412 938 
2005 1980 1979 
2642 1978 2641 
1484 1333 1482 
1457 1453 944 
2897 1450 2896 
3069 1460 1458 
1456 1454 941 
1474 959 1460 
3071 1481 1335 
1940 1488 1492 
1941 943 1940 
1493 1476 1310 
1464 1457 944 
1737 1736 931 
3073 1449 1450 
1666 983 1665 
1945 1765 980 
2829 2088 1396 
1926 1925 949 
2009 982 1774 
1927 949 1925 
2927 1379 2926 
1431 1430 950 
1429 1428 910 
1422 1420 1421 
2818 1405 1403 
1910 953 1888 
1888 953 1887 
1939 1938 1937 
1936 1850 1897 
1890 1856 1889 
2512 1010 1835 
2705 955 1841 
2532 1947 2531 
2800 926 2799 
2505 1397 2089 
1685 1668 1682 
1680 1679 1678 
1661 1660 960 
2639 1471 248 
1660 961 1659 
1780 1657 1734 
2628 1662 1671 
1700 1664 408 
2766 1666 1677 
1664 1663 962 
1667 963 1666 
1771 1769 981 
1678 1676 964 
2535 1674 1673 
1675 1674 942 
1691 1688 1689 
1692 966 1691 
2846 966 1692 
1704 1702 1701 
1705 1702 1703 
1705 1703 969 
1775 1767 1704 
1712 971 1710 
1712 1710 1709 
1709 1708 1707 
1746 1711 1444 
1726 1714 1713 
1739 1710 971 
2694 1719 1716 
1944 1715 987 
2263 2262 986 
2790 2258 1723 
1785 1728 1784 
2694 1716 1717 
2788 2236 2269 
1784 1729 1783 
1801 1792 1800 
1814 1813 1729 
1738 977 1737 
1735 1734 1708 
2791 986 2790 
2241 1727 2238 
1809 1019 1808 
1768 1767 981 
1775 983 1771 
1773 985 1770 
1770 1769 982 
1775 1665 983 
2950 1772 983 
1770 946 1769 
2791 2263 986 
2914 984 2911 
2245 2242 2244 
2262 246 2792 
1777 1776 988 
1779 1739 987 
1743 1742 989 
1744 988 1743 
1800 1741 266 
1788 1743 989 
1783 1741 990 
1719 920 1716 
1811 1792 1801 
1791 993 1789 
2951 992 1812 
1817 1816 1798 
1805 1794 1795 
1790 1789 993 
2777 1799 1797 
1796 1793 994 
1755 916 1754 
1790 995 1749 
1757 1753 998 
2537 1749 1748 
2536 1757 409 
1750 1748 996 
1781 1754 916 
1758 1757 998 
1759 1438 1437 
1759 1758 999 
2531 1947 2530 
2526 927 2525 
1644 1642 1000 
2464 1001 1000 
1099 1001 220 
2941 2940 779 
1392 779 1127 
2943 2942 1002 
1005 1003 885 
3046 1003 1005 
1954 1007 1004 
1004 916 1003 
1799 1796 1797 
1008 1005 917 
1832 1829 1013 
1823 917 1005 
1007 916 1004 
1761 1760 1007 
1009 1008 917 
1008 915 1004 
1836 1012 1834 
1864 264 1843 
2602 1830 1828 
1838 1837 1010 
2602 1828 1014 
2512 1838 1010 
1867 1012 1836 
1834 1833 1831 
1829 1014 1828 
1827 1826 1013 
2980 2979 1822 
1829 1828 1827 
2982 2487 1822 
3004 1808 3003 
3057 2600 879 
2692 1870 1840 
1896 1894 891 
3005 1807 3004 
2858 2212 2227 
2995 2492 1808 
2214 1022 2213 
2426 1020 2216 
2429 2216 2217 
2235 2231 1733 
2764 2254 2265 
2256 2255 1025 
2765 2217 2764 
2220 2216 2215 
2613 2224 2612 
2225 1020 2214 
2788 2266 2265 
2267 2266 1028 
2734 1029 809 
1041 1030 1029 
2268 1027 2266 
1030 809 1029 
2738 1031 2737 
2201 2200 2199 
2737 2736 809 
2739 1033 1032 
3091 1043 1032 
1048 1033 241 
2852 1034 2851 
2853 1036 2817 
2850 2849 2848 
2817 1036 1035 
1036 120 1035 
2854 2817 821 
1038 1037 819 
2166 1037 820 
1040 818 1039 
1038 120 1036 
2168 1040 819 
1040 1038 819 
1039 120 1038 
1042 1041 808 
1041 241 1030 
1519 1517 1518 
1052 1042 430 
1044 1043 825 
2482 2200 1031 
2849 1045 2848 
2203 2202 797 
2797 250 1510 
2204 2202 2203 
2198 2195 2196 
2857 2848 1045 
2857 1044 2848 
2197 2196 782 
2201 228 1287 
1049 1048 241 
2856 2166 2855 
1049 241 1041 
1052 1049 1042 
2193 16 2192 
2149 16 1362 
2208 2148 1350 
2228 1053 1052 
1052 868 1049 
2161 1053 867 
1053 868 1052 
2204 2203 1054 
3054 1059 1057 
1056 250 1055 
2615 2614 1057 
1057 250 1056 
3013 2625 1066 
3014 1071 1511 
1061 56 1060 
2100 1062 1059 
2133 2132 56 
2864 1060 2100 
2100 1060 252 
2623 2618 1062 
2623 1062 252 
2618 2617 1062 
2620 2619 171 
2625 2615 2616 
2624 2540 1065 
2619 1064 171 
3049 1067 1066 
3013 1066 3012 
2538 1068 199 
1069 1067 259 
1076 1075 1068 
1068 259 1067 
2884 1588 1070 
3012 1069 251 
2153 2152 1071 
1070 251 1069 
1510 1071 170 
1511 1071 1510 
1073 1072 259 
2884 258 1588 
2157 1073 86 
1075 1073 259 
1074 86 1073 
1103 267 1081 
1075 267 1074 
1075 259 1068 
1078 1077 1076 
1076 267 1075 
1598 1077 200 
1077 267 1076 
1078 200 1077 
2810 1079 1080 
2635 2099 733 
2541 268 2538 
2635 1375 1080 
1080 200 1078 
1103 1081 1082 
1081 267 1077 
1087 1083 1082 
1103 1082 729 
1104 1084 235 
1085 1083 1084 
1108 1084 745 
1108 1085 1084 
1086 1085 261 
1085 729 1083 
2828 1090 1086 
3025 1086 86 
1088 1087 730 
1087 235 1083 
1599 1088 730 
1089 1088 731 
2668 1656 1089 
1271 731 1270 
1092 1090 260 
1090 86 1086 
2137 1110 1111 
1095 1091 747 
1093 1092 260 
2157 1092 258 
1094 1093 260 
1589 214 1587 
1095 1094 260 
1541 1094 725 
1095 260 1091 
1097 1096 1095 
1098 1096 189 
1096 725 1094 
2633 747 1111 
1097 189 1096 
1099 1098 189 
2690 1099 220 
2941 1099 189 
2690 1101 1100 
2887 224 1542 
1100 1098 1099 
2778 1101 2690 
2928 219 2603 
2464 1641 2104 
1561 1102 188 
3025 1103 729 
1103 1074 267 
2668 1104 235 
1105 1104 744 
1105 745 1104 
1170 1105 744 
1109 1107 191 
1106 745 1105 
1110 1108 1107 
1107 745 1106 
1108 261 1085 
1108 745 1107 
1109 746 1107 
1114 1109 191 
1110 261 1108 
1111 1110 746 
1112 746 1109 
1113 1112 223 
1188 1112 805 
1127 1113 223 
2633 1113 779 
1113 1111 1112 
1116 191 1106 
1339 1114 764 
1118 1115 749 
1115 764 1114 
1169 1117 748 
1116 749 1115 
1165 1135 752 
1117 749 1116 
1128 1118 749 
1136 1119 750 
1121 1120 225 
1119 764 1118 
1339 765 1188 
1120 764 1119 
1121 765 1120 
1189 1121 225 
1123 1122 766 
1122 765 1121 
1124 1123 766 
1188 1123 223 
1124 223 1123 
1125 1124 766 
1138 1126 766 
1215 1125 767 
1148 1126 190 
1126 767 1125 
1127 779 1113 
1127 223 1124 
1135 1128 749 
1129 1128 226 
1129 750 1128 
1132 1129 226 
1136 1130 751 
1130 750 1129 
1147 1131 91 
1131 751 1130 
1132 755 1129 
1165 1133 226 
1178 1134 753 
1133 785 1132 
1197 756 1181 
1134 785 1133 
1135 226 1128 
1135 749 1117 
1136 225 1119 
1136 750 1130 
1137 225 1136 
1635 1145 786 
1138 190 1126 
1138 766 1122 
1139 190 1138 
1146 1139 769 
1140 190 1139 
1142 1140 770 
1141 190 1140 
1156 1141 771 
1142 771 1140 
1146 1144 770 
1376 227 1338 
1143 773 1142 
1145 1144 786 
1144 227 1143 
1635 786 1137 
1337 1145 787 
1146 770 1139 
1189 1146 769 
1147 751 1131 
1207 1147 91 
1148 190 1141 
1149 1148 780 
2946 1150 222 
1149 767 1148 
1217 1216 1150 
1150 767 1149 
1505 1152 1151 
1151 222 1150 
1152 222 1151 
1153 1152 772 
1651 1153 772 
1214 1153 376 
1155 835 852 
1154 1152 1153 
1648 1647 854 
1155 222 1154 
1160 771 1142 
1505 1156 772 
1159 1158 229 
1157 772 1156 
1651 1158 806 
1158 772 1157 
1162 1159 229 
1654 1159 775 
1164 1161 773 
1160 229 1157 
1162 1161 774 
1161 229 1160 
1162 229 1161 
1341 1163 774 
1353 1163 778 
1163 775 1162 
1164 774 1161 
1376 1164 773 
1165 226 1135 
1166 1165 752 
1166 753 1165 
1168 1166 752 
1178 1167 197 
1167 753 1166 
1169 1168 752 
1172 1168 232 
1170 1169 748 
1169 232 1168 
1171 1170 744 
1170 232 1169 
1174 1171 743 
1171 232 1170 
1174 1172 232 
1174 1173 1172 
1199 1173 740 
1175 1173 741 
1174 740 1173 
1174 232 1171 
1176 1175 741 
1175 197 1167 
3058 1183 1176 
1176 197 1175 
3058 722 1184 
2838 1200 742 
1178 753 1167 
1179 1178 197 
1179 756 1178 
1183 197 1176 
1181 1180 757 
1180 756 1179 
1182 1181 757 
1197 1181 236 
1182 236 1181 
1211 1182 757 
3058 1184 1183 
1183 759 1179 
2044 722 2043 
1184 759 1183 
2050 2041 1187 
2039 2038 1208 
2892 2082 2083 
2789 237 2039 
2045 2043 722 
2050 2046 193 
1188 223 1112 
1339 1188 805 
1189 225 1137 
1189 786 1146 
1190 91 1131 
1193 1190 755 
1191 91 1190 
1196 1195 761 
1282 1192 763 
1192 762 1191 
1193 761 1190 
1193 755 1132 
1377 1194 762 
1207 1194 789 
1198 236 1182 
1195 763 1192 
1196 236 1195 
1196 761 1193 
1197 236 1196 
1197 785 1134 
1336 1221 1198 
1198 763 1195 
1201 1199 740 
1201 1200 1199 
1200 741 1199 
2885 1220 742 
1206 1202 1201 
1201 233 1200 
1202 233 1201 
1204 1202 735 
2480 1220 1203 
1203 233 1202 
2955 735 1267 
2957 1205 1204 
1276 1205 194 
1224 1205 737 
1206 735 1202 
1206 740 1174 
1207 787 1147 
1207 91 1194 
2084 2038 237 
1208 759 1184 
1337 1209 788 
1209 787 1207 
1600 789 1377 
1291 1210 254 
2084 757 1296 
1223 1211 760 
1213 1212 237 
1212 760 1211 
1213 760 1212 
2789 2039 2040 
2832 1363 1214 
1214 835 1154 
1216 767 1150 
1374 1215 221 
1217 1150 854 
1216 221 1215 
1217 221 1216 
1646 1217 854 
2055 2052 2051 
2082 2041 1218 
2059 1380 1382 
2081 2053 2054 
2065 2064 1220 
2885 742 1200 
2691 1221 758 
1221 763 1198 
1524 1288 1222 
2691 824 1522 
1336 1223 758 
1278 1223 760 
1224 736 1205 
1259 1224 737 
2481 718 2480 
1225 736 1224 
1232 1227 1226 
1226 718 1225 
2476 717 1240 
1227 718 1226 
1601 1259 1364 
1232 1228 234 
1367 1365 1231 
1365 1364 270 
2998 367 1619 
1234 1233 234 
1366 1365 270 
1370 1231 1369 
1233 1232 234 
1232 717 1227 
1603 1602 1367 
1597 1236 1235 
1615 1606 1605 
1597 1235 1233 
1243 1239 716 
1235 717 1233 
1237 1236 361 
1236 716 1235 
1609 1237 361 
1245 1237 417 
1621 192 1620 
1631 1613 1629 
1241 1240 363 
1239 717 1235 
2476 1240 719 
1240 717 1239 
1241 719 1240 
1242 1241 363 
1244 1242 363 
2067 2061 1242 
2888 1244 1243 
1243 363 1239 
1244 363 1243 
1246 1244 418 
1248 1245 417 
2889 1245 1248 
3061 419 2067 
2019 1251 2018 
2078 2076 2071 
2075 2074 419 
1260 1248 417 
3090 1251 1248 
2058 2057 1258 
2074 2069 419 
2077 2076 1250 
2079 1394 1395 
1251 418 1248 
2021 2020 1251 
2028 2023 2022 
2014 1257 2013 
2025 2004 2002 
2013 1257 2010 
2154 1302 1303 
2010 1257 2001 
2136 2003 1305 
1987 1986 1312 
2012 1992 1400 
2017 2015 2016 
2110 2001 1257 
1990 1989 1312 
2056 1219 2055 
2073 2068 2069 
1259 739 1224 
1272 1259 737 
2029 1261 2028 
3090 1260 2028 
2029 2028 1260 
1616 1615 1230 
2027 1264 2026 
2026 2024 1262 
2026 1264 401 
1299 1264 413 
1264 1263 413 
2032 400 2030 
1611 1265 417 
1270 1267 1266 
1266 735 1206 
3033 1268 731 
2956 2955 1267 
1638 732 1599 
2969 2956 1268 
1384 1277 1269 
1277 1276 194 
1271 1270 743 
1270 731 1267 
1271 1089 731 
1271 743 1171 
2710 1275 1273 
1364 1272 270 
2715 2713 1508 
2710 1272 1275 
2716 1368 1369 
2711 2710 2709 
1276 737 1205 
2967 1275 738 
2969 1277 194 
1276 738 1275 
1384 1269 733 
1277 738 1276 
1280 1279 1278 
2988 1278 198 
1321 1320 1279 
1279 198 1278 
1280 760 1213 
1280 794 1279 
1288 1282 1281 
1281 763 1221 
1282 762 1192 
1282 763 1281 
1283 762 1282 
1284 1283 239 
1525 1285 1284 
2948 1284 823 
2734 1285 822 
2735 1285 2734 
2736 1287 2735 
1289 1286 228 
2200 797 2199 
1287 228 1286 
1288 1281 1222 
1288 239 1283 
2805 228 2205 
1294 1293 254 
1512 784 1347 
1512 1294 1290 
1293 1291 254 
1352 1346 398 
1292 398 826 
1292 788 1291 
1295 1294 254 
1352 1293 783 
1294 1289 1290 
1294 783 1293 
1600 1295 254 
1295 823 1289 
1296 757 1180 
1296 759 1208 
1988 1987 1254 
1297 401 1264 
1299 413 1298 
1299 1297 1264 
1300 1298 87 
1304 1303 1302 
1300 414 1299 
1501 1307 1493 
2605 1302 1498 
3064 411 1496 
2111 1303 1998 
1303 414 1300 
2136 1305 1997 
2136 1304 2003 
1981 1306 1980 
1995 1982 1330 
1411 1410 245 
1501 1500 1307 
2604 1498 1497 
2837 1497 2504 
2102 1994 1309 
1993 1985 1984 
1991 1990 1312 
1406 1314 1403 
1477 1470 1476 
1978 1977 1310 
1988 1311 1987 
1311 414 1303 
1991 1985 1313 
2010 2001 1990 
1994 1993 1308 
1992 1309 1400 
1410 1408 245 
2818 1404 1405 
2894 2893 1316 
2894 1315 2893 
1381 1380 238 
2894 423 1318 
1326 1325 1317 
2467 1316 2466 
1649 1322 794 
1318 1213 1315 
2049 719 2048 
2065 1319 721 
1514 1320 801 
1320 198 1279 
1322 1321 794 
1321 801 1320 
2274 1649 794 
1649 1323 1322 
2467 1325 423 
1325 1324 1323 
1934 428 1933 
1324 795 1323 
1325 1323 423 
3085 1326 1317 
2927 1326 238 
2933 2932 1326 
3000 1329 1328 
1327 801 1321 
1531 1515 1328 
1328 801 1327 
1329 429 1328 
1935 795 1324 
1999 1995 1330 
1982 1980 1330 
3071 1480 1479 
1494 1331 1482 
3048 1480 1335 
2106 2105 1332 
1482 1478 939 
2604 1500 415 
2000 1501 1306 
3038 1334 1480 
1478 1334 1477 
2106 1487 1481 
2871 2870 1459 
1336 1182 1211 
1336 758 1221 
1337 227 1145 
1337 787 1209 
1338 227 1337 
1338 788 826 
1339 805 1114 
1339 764 1120 
1342 1341 398 
1340 774 1164 
1341 778 1163 
1341 774 1340 
1342 778 1341 
1346 1342 398 
1344 1343 230 
1343 778 1342 
1344 778 1343 
1355 1344 230 
1345 230 1343 
1348 1345 781 
1346 781 1342 
1352 398 1292 
1347 781 1346 
1512 1347 783 
2206 1348 784 
1348 790 1345 
1349 230 1345 
1350 1349 790 
2207 1350 790 
2208 1051 2148 
2006 1351 791 
1355 1351 799 
1352 1292 1293 
1352 783 1347 
1353 778 1344 
2035 1354 798 
1354 827 775 
1354 775 1163 
1355 798 1344 
1355 230 1351 
2035 1356 776 
1356 798 1355 
1357 776 1356 
1358 1357 799 
2006 1358 799 
1360 777 1359 
1361 1360 1358 
1360 800 1358 
2696 231 1529 
2883 791 2149 
1361 777 1360 
2510 184 848 
1363 834 184 
2883 777 1361 
2711 270 2710 
1601 1364 1229 
1372 1367 1231 
1365 1229 1364 
2717 1274 2714 
1366 1231 1365 
1369 1231 1366 
1370 1368 367 
1604 1603 1367 
1367 1229 1365 
1370 1369 1368 
1621 1617 1619 
1619 367 1618 
1619 1617 1616 
1620 1371 1617 
1620 1607 1371 
1606 361 1596 
1372 1230 1367 
1372 1231 1370 
2072 1373 365 
1503 1373 420 
1374 768 1215 
2943 1374 221 
1375 200 1080 
1375 733 1269 
1376 826 1164 
1376 773 1143 
1377 789 1194 
1377 762 870 
3074 1378 1379 
2077 1378 421 
3074 1380 1378 
2926 1931 1926 
1380 421 1378 
3085 1381 238 
2468 2466 2083 
2469 1381 2468 
2469 2054 1382 
2066 2057 2059 
2062 1383 2045 
2047 2046 1383 
1385 1384 733 
1384 738 1277 
2099 1385 733 
1506 1385 734 
2747 1387 2744 
2743 1387 2742 
2034 1508 734 
1508 1507 734 
3010 2542 2539 
2747 2744 2034 
2748 2475 2741 
2742 1388 17 
2749 2742 2741 
2594 1390 380 
2751 2750 1389 
1392 1002 779 
1392 768 1374 
2752 381 2751 
1393 365 1373 
1398 1393 426 
1394 365 1393 
1395 1394 427 
2088 2087 1396 
2080 424 1378 
1401 427 1398 
2807 1923 1924 
1416 1405 1404 
3008 2806 1421 
1399 1398 426 
1401 1398 1399 
1401 1399 403 
1400 1399 426 
1504 426 1503 
2012 1400 1504 
2505 1950 1397 
2089 1397 2086 
1406 1403 1402 
1402 403 1399 
2608 2607 1404 
1403 403 1402 
2607 1417 1404 
1950 1416 1420 
1950 403 1405 
1405 403 1403 
1407 1406 1309 
1408 1406 1407 
1996 1407 1994 
1408 1407 245 
1410 1409 1408 
1408 1314 1406 
2862 2860 936 
2863 2608 1409 
1999 1411 245 
2861 1410 1411 
2005 1330 1980 
1412 1411 938 
2138 1451 937 
2861 936 2860 
1472 1448 935 
2141 1412 2140 
1978 1414 938 
2139 1414 410 
1469 1452 410 
2643 1414 2642 
1417 1416 1404 
1420 1416 951 
2607 2606 1417 
1429 1418 950 
1419 1418 910 
1418 951 1417 
1425 1419 910 
3008 1419 1426 
1421 1420 951 
1950 1420 1397 
1421 951 1419 
2806 1422 1421 
2086 1422 1396 
1422 1397 1420 
2478 935 2477 
2863 404 2608 
2910 937 1472 
2903 2478 1423 
1427 1425 910 
1916 898 1914 
2990 2989 1923 
3008 1426 2990 
1429 910 1418 
1912 1427 909 
2964 1428 128 
1919 1428 928 
1430 1429 950 
1429 128 1428 
1445 1432 1430 
1430 128 1429 
2478 2477 1431 
2477 1446 1445 
1435 1433 1432 
1432 128 1430 
2964 1433 1434 
1433 128 1432 
2944 1903 1434 
2964 1434 928 
3026 1475 2890 
1435 929 1433 
1439 1437 1436 
1436 929 1435 
1437 929 1436 
1759 1437 409 
2944 1438 2270 
1438 1434 929 
1441 1440 1439 
1439 409 1437 
2945 1751 997 
1440 409 1439 
2890 1441 930 
2891 2890 1442 
1475 1447 405 
3007 1468 945 
2787 2786 1444 
1443 932 1441 
1756 406 1752 
1736 977 1735 
1445 934 1432 
1445 1430 1431 
3087 1448 405 
1446 934 1445 
2502 1475 405 
1473 930 1436 
3087 405 1447 
2903 1472 935 
1449 405 1448 
1450 1449 937 
1451 1450 937 
2897 2896 1455 
2910 2138 937 
2780 1451 2138 
1452 940 1451 
2643 1469 410 
3043 1454 1453 
1453 940 1452 
3002 1455 1454 
1454 940 1453 
1455 940 1454 
1465 1455 248 
3002 1456 248 
2974 1460 959 
3034 1458 1457 
3043 1457 941 
1458 941 1457 
1459 1458 412 
3069 942 1460 
3048 2871 1480 
1474 1460 942 
2974 959 2639 
2773 1941 1462 
2869 1459 2866 
1492 952 1491 
2773 1675 1461 
2868 2867 1463 
2867 2865 2866 
3038 3034 1464 
2465 944 1470 
2897 1465 945 
1466 1465 248 
1471 1466 248 
1657 1466 1471 
2804 2503 931 
1467 945 1465 
1468 405 1449 
3007 2503 1468 
1470 1469 1415 
2970 1469 944 
2465 1470 1477 
1470 944 1469 
2639 248 1456 
2638 1661 960 
2910 1472 1424 
1472 937 1449 
1473 1436 1435 
1473 934 1447 
1674 1474 942 
2535 1661 1474 
2890 1475 1442 
3026 930 1473 
2641 1476 1415 
1477 1476 939 
1478 1477 939 
2465 1477 1334 
1494 1482 939 
1479 1478 1333 
1479 1334 1478 
1481 1479 1333 
3038 1480 2871 
1480 1334 1479 
2105 1481 1333 
1487 1486 247 
1502 1331 1496 
1482 1333 1478 
2881 1484 1483 
1484 1482 1331 
2881 2105 1484 
2872 2868 1335 
1487 1335 1481 
2875 1485 2874 
3021 2867 2868 
2873 2872 1487 
1492 1488 952 
3021 1488 943 
1940 1492 1939 
1942 1489 1938 
1694 957 1693 
1951 1492 1491 
1494 1493 1307 
1951 1942 1938 
2876 2875 1490 
1493 939 1476 
1494 939 1493 
1495 1494 1307 
1495 1331 1494 
1497 1495 1307 
1502 1496 411 
1496 1331 1495 
1500 1497 1307 
2605 1498 2604 
2834 1498 1302 
2836 2504 2835 
3064 2837 2504 
3064 2504 2836 
2003 2000 1981 
1502 411 1483 
1502 1483 1484 
1503 426 1393 
2016 1503 420 
2011 1504 1256 
1504 1400 426 
1505 780 1156 
1505 772 1152 
1507 1506 734 
2967 1506 1273 
1507 1273 1506 
2746 2745 2033 
2034 734 1386 
2713 2712 1508 
1511 1510 250 
2796 1510 170 
2714 2713 1509 
2614 1511 250 
3014 1058 3013 
1512 783 1294 
1512 1290 784 
1517 1516 1513 
1513 198 1320 
1515 1514 801 
1514 807 1513 
1639 1515 810 
1515 801 1328 
1516 815 824 
1516 198 1513 
1640 807 1639 
1517 815 1516 
1518 430 1042 
1519 1042 808 
1520 1519 808 
1519 815 1517 
1520 815 1519 
1523 1520 808 
1521 815 1520 
1524 1522 816 
2691 1522 1222 
1522 824 1521 
1523 816 1521 
1523 808 1029 
1526 1525 816 
1524 239 1288 
1525 822 1285 
1525 239 1524 
1526 822 1525 
1526 816 1523 
1528 1527 800 
1527 829 776 
1529 1528 800 
1528 802 829 
2696 1529 800 
1633 1529 231 
1531 810 1515 
1634 802 1633 
2282 1634 793 
2158 1538 1532 
1532 810 1531 
1533 811 1532 
1535 1533 429 
1534 811 1533 
1536 1534 813 
3029 813 1534 
1535 429 1329 
2775 2774 1539 
2187 1536 812 
1962 1537 141 
2472 878 1959 
2228 1538 867 
1538 810 1532 
2774 141 1537 
1539 813 1535 
1933 1932 1930 
2775 1540 141 
2887 1542 1541 
1541 214 1093 
1543 1542 224 
1542 214 1541 
1544 1543 224 
1545 1543 1544 
2603 1551 210 
1545 1544 210 
1548 1546 1545 
1545 256 1543 
1952 1558 170 
1546 256 1545 
1547 256 1546 
2152 1547 170 
1549 1548 210 
1553 1548 1549 
1553 1549 217 
1551 1549 210 
1562 1550 1552 
1550 217 1549 
1551 218 1550 
2603 210 1544 
1562 1552 57 
1955 218 1560 
1554 1553 217 
1557 1553 1554 
2101 1555 1554 
1557 1554 209 
1567 1556 1566 
1555 209 1554 
2134 1556 1567 
1594 1556 447 
1593 1557 209 
1557 255 1553 
1952 170 1547 
1558 255 1557 
1579 1560 1561 
1559 218 1551 
1628 443 1627 
1560 218 1559 
1561 219 1102 
1579 1561 188 
1563 1562 57 
2101 1562 1563 
2101 1563 216 
1563 57 728 
1570 1565 215 
1564 216 1563 
1566 1565 169 
1565 216 1564 
1566 1555 216 
1567 1566 169 
1571 1568 169 
2134 1567 208 
1569 1568 207 
1568 208 1567 
2811 1569 207 
2116 1569 175 
1571 1570 206 
1570 169 1565 
1571 169 1570 
1650 1571 206 
1575 1572 1573 
1572 206 1570 
1574 1573 168 
1575 1573 203 
1574 203 1573 
1574 168 705 
1576 1575 203 
1578 1575 1576 
2092 1576 1577 
1578 1576 164 
2098 1577 163 
2092 1577 202 
2085 164 541 
1578 206 1575 
1580 1579 188 
1579 443 1560 
1580 443 1579 
1590 1580 188 
1582 1581 183 
1581 443 1580 
2768 1583 1582 
1627 1582 187 
1636 1584 103 
1583 187 1582 
2109 1625 186 
1584 187 1583 
1586 1585 256 
1585 214 1542 
1586 256 1547 
1587 1586 257 
1587 214 1585 
1588 1587 257 
1589 1588 258 
1588 257 1070 
1589 258 1092 
1589 1093 214 
1591 1590 188 
1592 1590 856 
1591 856 1590 
1591 188 1102 
1592 855 865 
1592 444 1590 
1594 1593 209 
1593 448 1558 
1594 209 1556 
1595 1594 447 
1595 448 1594 
1595 447 1055 
1605 1234 1604 
1596 361 1236 
1597 1233 1234 
1597 1234 1596 
1638 1599 1598 
1598 730 1081 
1599 732 1088 
1599 730 1598 
1600 870 1295 
1600 254 1210 
1601 1228 739 
1601 739 1259 
1602 234 1228 
1602 1229 1367 
1604 1367 1230 
1603 1234 234 
1605 1604 1230 
1604 1234 1603 
1615 1605 1230 
1605 1596 1234 
1607 1606 1371 
1606 1596 1605 
1612 1607 1608 
1607 361 1606 
2142 1612 1608 
1612 1609 1607 
1611 1609 1238 
1609 361 1607 
1611 1237 1609 
1611 417 1237 
2142 1613 1612 
2143 1613 2142 
1612 1238 1609 
1629 1613 399 
1613 1238 1612 
1615 1371 1606 
2939 1631 1629 
2798 1630 362 
1616 1230 1372 
2998 1619 1616 
1617 1371 1615 
1620 1608 1607 
2998 1616 1372 
1621 1620 1617 
2144 1620 192 
1621 1619 1618 
1621 1618 192 
1622 57 1552 
1624 1622 442 
1623 57 1622 
2859 1623 445 
1626 1624 442 
1625 187 1584 
1625 1584 186 
1625 445 1624 
1628 1627 1626 
1626 187 1625 
2135 443 1581 
1627 187 1626 
1955 1628 442 
1628 1560 443 
1630 1629 1614 
2939 1629 1630 
1630 1614 362 
2031 1630 1262 
1631 400 1265 
1631 1238 1613 
2019 2018 1632 
1632 420 1373 
1634 1633 1530 
1633 802 1529 
1634 1530 793 
2275 1634 803 
1635 1137 751 
1635 751 1147 
2652 1636 103 
2936 1637 185 
2631 1637 109 
1637 186 1636 
1638 200 1375 
1638 1375 732 
1640 1639 810 
1639 807 1514 
1640 810 1538 
1640 430 1518 
1642 1641 1000 
1641 856 1591 
1643 20 855 
1642 856 1641 
1643 855 1592 
1643 856 1642 
1644 20 1642 
1645 1644 1000 
1645 1000 1001 
1645 221 1217 
1647 1646 854 
1646 20 1644 
2946 1648 854 
1647 853 20 
1648 1155 852 
1648 852 853 
1649 1318 423 
1649 423 1323 
1650 206 1578 
1650 543 207 
1651 772 1158 
1652 1651 806 
1653 1652 806 
1652 376 1153 
1654 806 1159 
1653 131 831 
2036 775 827 
1654 131 1653 
1655 831 376 
1655 376 1652 
1656 235 1087 
1656 1087 1088 
1658 1657 960 
1734 1657 922 
1658 922 1657 
1659 1658 960 
1660 1659 960 
1747 961 1700 
2638 960 1471 
1662 1660 923 
1661 959 1474 
1661 923 1660 
1662 961 1660 
1671 1662 923 
1665 1664 962 
1663 961 1662 
1701 1700 408 
1664 961 1663 
1665 408 1664 
1666 1665 962 
1677 1666 962 
2950 1666 963 
2767 1681 1686 
2972 1687 1670 
2972 1686 1687 
2845 1681 1679 
2966 2008 1774 
3052 1687 407 
3050 2008 2973 
1673 1672 1671 
2628 964 1676 
1688 1672 965 
1672 964 1671 
1673 965 1672 
2535 1673 923 
2869 1675 942 
1674 965 1673 
1689 1688 965 
1675 965 1674 
1678 1677 1676 
1676 962 1663 
1677 962 1676 
2766 1677 924 
1678 924 1677 
1680 1678 964 
2845 1682 1681 
1679 924 1678 
1680 964 1672 
1680 966 1679 
1686 1681 1668 
1681 924 1679 
2529 2528 1682 
2527 2526 1685 
2533 2529 958 
2521 2520 2518 
2528 1685 1682 
2151 1668 1685 
2151 1687 1668 
2767 1667 2766 
1687 1686 1668 
2151 1684 2150 
3052 3051 3050 
2151 1685 1684 
2151 2150 1687 
1689 965 1675 
1688 966 1680 
1690 1689 1675 
1691 1689 926 
1695 1690 1462 
1690 926 1689 
2800 1691 926 
1691 966 1688 
2800 1693 1692 
2846 1692 958 
1696 1693 957 
1693 958 1692 
2799 1695 1937 
3056 1694 1489 
1695 926 1690 
1937 1695 1462 
1697 1696 957 
2518 956 1948 
1699 925 1698 
2521 2518 1948 
3056 1699 957 
2992 957 1699 
2992 956 1697 
1747 1700 967 
1700 961 1664 
1701 967 1700 
1704 1701 408 
1702 967 1701 
1703 1702 968 
1745 1703 968 
1949 921 1713 
1704 968 1702 
1775 1704 408 
1707 1706 1705 
1705 967 1702 
1706 967 1705 
1706 922 1658 
1707 922 1706 
1709 1707 969 
1708 922 1707 
1735 1708 970 
1709 970 1708 
1712 1709 969 
1739 1711 1710 
1710 970 1709 
1711 970 1710 
2637 406 1756 
1949 969 1703 
1949 1713 1712 
1713 971 1712 
1726 1713 921 
1714 971 1713 
1715 1714 972 
1716 1715 972 
1776 1715 920 
1716 920 1715 
1717 1716 972 
1726 1718 972 
3044 1720 1717 
1764 1718 1726 
3044 1718 1765 
2694 1785 1719 
1740 1719 990 
1720 974 1717 
1723 1720 973 
2264 2237 2234 
1721 974 1720 
1726 972 1714 
2264 1721 2237 
2260 1723 2258 
2791 973 1766 
1764 1726 921 
2238 2233 1722 
2493 2269 2252 
2236 2235 1733 
2239 1725 2251 
2239 2238 1727 
2241 2238 2240 
1728 974 1721 
1729 1728 975 
2249 1813 1814 
1783 1729 266 
2250 1811 1730 
1813 1810 266 
2248 1731 2246 
2231 2230 1733 
2248 2246 2247 
2255 2253 2254 
2253 2246 2235 
2232 1733 2230 
1734 922 1708 
1780 1734 977 
1735 977 1734 
1746 1735 970 
2786 1736 1746 
1737 931 1467 
1738 1467 1465 
1737 977 1736 
1738 1465 1466 
1780 1738 1466 
1739 406 1711 
1944 1739 971 
1742 1740 989 
1740 920 1719 
1800 1787 1741 
1741 989 1740 
1776 1742 988 
1742 920 1740 
2537 1743 919 
1743 988 1742 
2537 1748 1744 
1778 1744 933 
1745 921 1703 
2839 968 1767 
1746 970 1711 
2786 1746 1444 
1747 1659 961 
1747 967 1706 
1753 1750 996 
1748 933 1744 
1790 1749 919 
1755 1749 995 
1751 1750 997 
1750 933 1748 
3083 1756 1752 
1751 933 1750 
1779 1777 1778 
1752 933 1751 
1753 997 1750 
1755 1754 996 
1781 916 1007 
1754 998 1753 
1755 996 1749 
1786 1755 995 
2787 932 1443 
2637 1756 1444 
2536 409 1440 
1757 997 1753 
1758 409 1757 
1760 1758 998 
1759 409 1758 
2270 1759 999 
1760 999 1758 
1781 1760 998 
1762 1761 896 
1761 999 1760 
2776 1953 914 
2270 1762 913 
2776 1898 1763 
1902 1763 912 
1764 921 1745 
1765 1764 980 
1945 1766 1765 
3044 1765 973 
1766 973 1765 
2555 2263 1766 
2839 1745 968 
1767 968 1704 
1945 1768 946 
2839 1768 1945 
1769 946 1768 
1775 1771 981 
1773 1770 982 
2555 1770 985 
1772 1771 983 
1771 982 1769 
2966 1772 2950 
1772 982 1771 
2009 947 1782 
2914 1773 984 
2973 2008 963 
2009 1774 947 
1775 981 1767 
1775 408 1665 
1776 987 1715 
1776 920 1742 
1777 987 1776 
1778 988 1744 
1778 933 1752 
1779 1778 1752 
1779 406 1739 
1779 987 1777 
1780 977 1738 
1780 1466 1657 
1781 1007 1760 
1781 998 1754 
1784 1783 990 
1783 266 1741 
1782 984 1773 
1785 1784 990 
1784 1728 1729 
1785 990 1719 
1785 974 1728 
1805 1786 995 
1786 1003 916 
1789 1788 991 
1787 989 1741 
1788 919 1743 
1788 989 1787 
1789 919 1788 
1791 1789 991 
1790 919 1789 
1794 1790 993 
1792 1791 991 
1802 1792 992 
1800 1792 991 
1802 1793 1792 
1796 1795 1793 
1793 993 1791 
1795 1794 993 
1805 885 1003 
1805 1795 885 
1795 993 1793 
1796 885 1795 
1797 1796 994 
1815 1802 1803 
2777 918 1832 
2490 1806 2489 
1817 1797 1816 
1823 1799 1006 
1799 885 1796 
1801 1800 266 
1800 991 1787 
1810 1801 266 
1811 1801 1810 
1803 1802 992 
1802 994 1793 
1812 992 1811 
2491 2490 1798 
2952 1803 2951 
3011 2221 2954 
1805 1003 1786 
1805 995 1794 
2995 1808 1807 
2996 1818 1806 
3006 3005 2486 
2996 2994 1016 
1809 1808 888 
3004 3003 2226 
2953 888 2952 
2210 1809 1024 
1813 266 1729 
1811 1810 1730 
2250 1812 1811 
1811 992 1792 
3011 1812 976 
2951 1812 1804 
1814 1729 975 
1813 1730 1810 
2230 1814 975 
2249 1814 1731 
1816 1815 1798 
1815 994 1802 
1816 1797 994 
1816 994 1815 
2489 1818 1817 
2777 1817 918 
1819 1818 1016 
1818 918 1817 
2982 2979 1819 
2833 1014 1829 
1822 263 1821 
2981 2980 1821 
2980 1014 2979 
2602 1820 2599 
3057 3024 2601 
3088 1015 2600 
2981 1821 1015 
1824 1823 1006 
1823 1005 885 
1824 917 1823 
1832 1824 1006 
1867 1825 1826 
1825 917 1824 
1833 1826 1827 
1867 1826 1012 
1833 1827 884 
1829 1827 1013 
1828 884 1827 
2602 1014 1820 
1832 1013 1824 
2833 1829 1832 
3024 1830 2601 
1830 884 1828 
1834 1012 1833 
1831 884 1830 
2777 1832 1006 
2833 1832 918 
1833 1012 1826 
1833 884 1831 
1835 1834 1831 
1836 1834 1010 
1844 1835 1011 
1835 1010 1834 
1837 1836 1010 
1867 1836 1009 
1841 1837 1838 
1837 264 1009 
1839 1838 883 
2705 1841 1838 
1870 1869 1840 
1853 1852 1839 
1868 1845 1854 
1854 1853 1840 
1842 1841 955 
1841 264 1837 
1936 1843 1842 
1842 264 1841 
1953 1843 914 
1864 1843 915 
2512 1844 883 
1893 1844 1011 
1854 877 1853 
1873 1872 1846 
1875 1874 1848 
1878 1847 1877 
1891 1880 262 
1892 1847 1891 
1884 1863 1862 
1866 1849 1865 
1863 891 1862 
1871 880 1869 
1897 1850 895 
1851 1850 955 
1865 1849 881 
1852 955 1839 
1886 1851 954 
1890 1852 877 
1852 954 1851 
1853 877 1852 
2692 1853 1839 
1868 1854 1840 
1855 1854 1845 
3042 1856 1855 
1855 877 1854 
1856 877 1855 
1858 1856 893 
3042 1857 1892 
1873 1857 1845 
1860 1858 893 
1975 1858 1974 
2977 2975 894 
1975 1966 1859 
1861 1860 893 
1973 1860 892 
1892 1891 1861 
1957 1861 262 
2500 1884 1862 
1864 915 1008 
1864 1009 264 
1865 881 901 
1866 1865 882 
1876 1875 1866 
2501 1848 2500 
1867 1009 917 
1867 917 1825 
1869 1868 1840 
1872 1868 880 
2156 1869 1870 
1869 880 1868 
1870 883 1844 
2156 1871 1869 
2898 1871 1018 
1883 1871 1863 
1872 1845 1868 
1874 1872 880 
1873 1845 1872 
1877 1873 1846 
1874 1846 1872 
1883 1874 880 
1875 1846 1874 
2501 1875 1848 
1878 1877 882 
1876 1846 1875 
1877 1847 1873 
1877 1846 1876 
1879 1878 882 
1880 1847 1878 
3036 1879 882 
1881 1879 874 
1891 262 1861 
1880 1878 1879 
1882 1881 874 
1881 262 1880 
1885 1882 874 
2511 873 2184 
1883 1848 1874 
1883 880 1871 
2500 1862 88 
1884 1848 1883 
2189 1885 874 
2180 1885 814 
1904 1886 953 
1886 895 1851 
1888 1887 894 
1887 953 1886 
2975 1888 894 
1910 1888 265 
1889 894 1887 
1890 1889 954 
1890 954 1852 
1890 877 1856 
1892 1861 893 
1891 1847 1880 
3042 1892 893 
1892 1857 1847 
1895 1893 1011 
3035 1896 1893 
2898 891 1863 
3035 879 1894 
2898 1896 891 
1896 1018 1893 
3035 1893 1895 
1899 1898 1897 
1936 1897 914 
1898 912 1763 
1898 914 1897 
1904 1899 895 
1904 1900 1899 
1905 1901 1900 
1900 912 1899 
1903 1902 897 
1901 912 1900 
2847 913 1762 
1902 912 1901 
1903 913 1902 
1943 897 1918 
1904 895 1886 
1910 1904 953 
1907 1905 1906 
1905 897 1901 
1910 1908 911 
1911 1906 908 
1919 1918 909 
1907 897 1905 
1909 1908 265 
1908 908 1906 
1920 1909 265 
2209 1972 907 
1910 265 1908 
1910 911 1904 
1913 1912 1911 
1911 909 1907 
1912 898 1427 
1912 909 1911 
1921 1914 1913 
1913 898 1912 
1916 1914 1915 
1914 898 1913 
1968 905 1967 
1916 1915 906 
2989 1916 906 
1916 1426 1425 
1925 1922 425 
1917 906 1915 
1943 1918 928 
1918 897 1907 
1919 928 1918 
1919 909 1427 
2209 1920 903 
2976 265 1888 
1921 1909 907 
1921 907 1914 
1923 1922 948 
1922 906 1917 
1924 1923 948 
2990 1426 2989 
1931 1924 948 
2807 2806 366 
1925 948 1922 
1927 1925 425 
1926 948 1925 
2926 1926 949 
1969 425 1968 
2947 1929 1932 
2933 428 2932 
1928 949 1927 
1929 1927 425 
1930 1929 904 
1970 904 1963 
1933 1930 1540 
2829 1931 424 
1931 948 1926 
1932 428 1928 
2947 1932 1928 
2909 1933 1540 
1933 428 1932 
1935 817 1329 
1934 1324 428 
1935 1329 795 
1935 1324 1934 
1936 914 1843 
1936 1842 1850 
1939 1937 1462 
2799 1937 1489 
1951 925 1942 
1938 1489 1937 
1940 1939 1462 
1939 1492 1938 
1941 1940 1462 
1940 943 1488 
2773 1462 1690 
2865 1941 1461 
1942 925 1699 
1942 1699 1489 
1943 928 1434 
1943 1903 897 
1944 987 1739 
1944 971 1714 
2839 1945 980 
1945 946 1766 
1949 1703 921 
1949 1712 969 
2531 2530 1683 
2523 1947 2522 
2522 1947 2520 
1950 1405 1416 
1951 1938 1492 
1951 1491 925 
1952 1547 1546 
1952 255 1558 
2776 914 1898 
2776 1954 1953 
1954 915 1953 
1954 896 1007 
1955 442 1622 
1955 1552 218 
1958 1957 875 
1956 262 1881 
1957 892 1861 
1957 262 1956 
2184 1959 875 
1960 1958 878 
2472 1959 812 
1959 878 1958 
1961 1960 878 
1973 1960 1961 
1962 1961 878 
1976 1966 876 
1962 878 1537 
1963 1962 141 
1963 902 1962 
1970 1963 141 
1964 902 1963 
1967 1964 904 
1966 1965 903 
1965 902 1964 
2949 903 1920 
1976 876 1973 
1969 1968 1967 
1971 1967 905 
1968 425 1917 
1968 1917 905 
1969 904 1929 
1969 1929 425 
1970 141 1540 
1970 1930 904 
1972 1971 905 
1971 1965 1964 
1972 903 1965 
2812 1972 905 
1974 1973 876 
1973 892 1960 
1975 1974 876 
1974 1858 1860 
1975 876 1966 
2977 1975 1859 
1976 1961 902 
1976 902 1965 
1979 1977 938 
1977 1306 1501 
1978 938 1977 
2641 1978 1310 
1979 1306 1977 
2005 1979 938 
1982 1981 1980 
1980 1306 1979 
2003 1981 1305 
2000 415 1500 
1995 1983 1982 
1982 1305 1981 
1997 1983 1984 
1983 1305 1982 
1997 1984 1255 
1993 1984 1308 
1986 1985 1312 
1985 1255 1984 
1989 1987 1312 
2111 1986 1311 
2004 1988 1254 
1987 1311 1986 
1988 1297 414 
1988 414 1311 
2001 1989 1990 
1989 1254 1987 
1991 1312 1985 
2010 1990 402 
1992 1991 1313 
1991 402 1990 
1992 402 1991 
2102 1992 1313 
1996 1994 1308 
1993 1313 1985 
1994 1407 1309 
1994 1313 1993 
1999 1996 1995 
1995 1308 1983 
1996 1308 1995 
1996 245 1407 
1998 1997 1255 
1997 1305 1983 
2111 1998 1255 
1998 1303 1304 
1999 1330 1411 
1999 245 1996 
2000 1500 1501 
2000 1306 1981 
2110 2014 1253 
2001 1254 1989 
2025 2002 1253 
2004 401 1297 
2003 1304 415 
2003 415 2000 
2004 1297 1988 
2004 1254 2002 
2005 938 1411 
2005 1411 1330 
2006 799 1351 
2006 791 1361 
2008 2007 1774 
2008 1669 2007 
2007 947 1774 
2009 1782 1773 
2009 1773 982 
2011 2010 402 
2013 2010 2011 
2013 2011 1256 
2012 2011 402 
2012 1504 2011 
2012 402 1992 
2015 2013 1256 
2015 2014 2013 
2021 2014 1252 
2110 1253 2002 
2016 2015 1256 
2015 1252 2014 
2016 1256 1503 
2017 2016 420 
2018 420 1632 
2020 2017 2018 
2075 2019 1632 
2020 2018 1251 
2019 1246 418 
2019 418 1251 
2021 1251 364 
2020 1252 2017 
2021 1252 2020 
2022 2021 364 
2022 1253 2014 
2028 2022 364 
2025 2023 2024 
2023 1253 2022 
2025 2024 401 
2030 2024 1261 
2025 401 2004 
2025 1253 2023 
2026 401 2024 
2027 2026 1262 
2798 2027 1262 
2027 1263 1264 
3090 2028 364 
2028 1261 2023 
2032 1260 1265 
2032 2030 2029 
2031 2030 400 
2030 1261 2029 
2939 2031 400 
2031 1262 2024 
2032 2029 1260 
2032 1265 400 
2746 2034 2745 
2035 798 1356 
2035 776 827 
2037 827 828 
2036 131 1654 
2037 828 830 
2037 131 2036 
2039 1208 1185 
2084 237 1212 
2040 2039 1185 
2039 237 2038 
2042 2040 1185 
2789 2040 1186 
2082 1218 2081 
2041 1186 2040 
2044 2043 1185 
2042 1187 2041 
2062 2045 722 
2043 1187 2042 
2044 1185 1208 
2044 1184 722 
2046 2045 1383 
2045 1187 2043 
2595 2047 1383 
2052 2050 193 
2049 2048 2047 
2047 193 2046 
2048 193 2047 
2666 719 1241 
2049 721 1319 
2049 1319 719 
2050 1218 2041 
2050 1187 2046 
2051 193 2048 
2055 2051 720 
2052 1218 2050 
2052 193 2051 
2054 2053 1219 
2053 1218 2052 
2066 2054 1219 
2081 2054 422 
2056 2055 720 
2055 1219 2053 
2060 2056 720 
2057 2056 1258 
2059 2057 2058 
2057 1219 2056 
2076 2058 1249 
2059 2058 421 
2059 421 1380 
2066 2059 1382 
2061 2060 720 
2068 2060 2067 
2666 2061 720 
2061 1241 1242 
2062 722 1177 
2063 2062 1177 
2064 2063 742 
2063 1383 2062 
2595 2064 721 
2064 742 1220 
2065 718 1319 
2065 721 2064 
2066 1382 2054 
2066 1219 2057 
2068 2067 419 
2067 2060 2061 
2069 2068 419 
2068 1258 2060 
2074 2070 2069 
2073 1249 2058 
2072 2070 1247 
2072 2071 2070 
2071 1249 2070 
2078 2071 365 
2072 1247 1373 
2072 365 2071 
2073 2058 1258 
2073 1258 2068 
2075 419 1246 
2074 1247 2070 
2075 1246 2019 
2075 1247 2074 
2076 421 2058 
2076 1249 2071 
2077 421 2076 
2080 2077 1250 
2078 1250 2076 
2078 365 1394 
2080 2079 1395 
2079 1250 2078 
2080 1378 2077 
2080 1250 2079 
2082 2081 422 
2081 1218 2053 
2083 2082 422 
2082 1186 2041 
2892 2083 1316 
2469 2468 2083 
2084 1212 757 
2084 1296 2038 
2085 541 543 
2085 543 1650 
2087 2086 1396 
2089 2086 2087 
2087 1395 427 
2089 2087 427 
2829 2488 2088 
2088 1395 2087 
2089 427 1401 
2505 2089 1401 
2091 2090 686 
2090 446 692 
2091 647 648 
2091 446 2090 
2094 2093 2092 
2092 164 1576 
2093 204 540 
2093 164 2092 
2097 2094 202 
2097 2095 2094 
2095 204 2094 
2096 2095 55 
2096 55 531 
2096 530 172 
2097 201 706 
2097 55 2095 
2760 2098 163 
2098 201 2097 
2635 2634 2099 
2099 269 1386 
2100 252 1062 
2864 2100 1059 
2101 216 1555 
2101 1554 217 
2102 1313 1994 
2102 1309 1992 
2895 2313 2314 
2347 2344 2318 
2104 1591 1102 
2464 2104 220 
2105 1333 1484 
2106 1332 1486 
2106 1486 1487 
2106 1481 2105 
2493 886 2494 
2495 66 578 
2109 2108 168 
2108 186 1637 
2859 168 2589 
2109 445 1625 
2110 2002 2001 
2110 1257 2014 
2111 1255 1986 
2111 1311 1303 
2113 2112 394 
2112 175 542 
2116 2113 393 
2113 175 2112 
2118 2114 212 
2115 2113 394 
2115 393 2113 
2117 2115 394 
2118 2115 2114 
2117 394 553 
2117 165 2114 
2119 2118 212 
2118 393 2115 
2708 2122 2119 
2123 2121 2122 
2121 393 2119 
2121 211 2116 
2132 2120 56 
2708 2132 2122 
2123 2122 213 
2124 2123 213 
2123 211 2121 
2129 2128 2124 
2125 2124 176 
2127 2125 176 
2127 2126 2125 
2126 211 2125 
2126 208 1568 
2127 208 2126 
2131 2127 176 
2128 249 1056 
2128 176 2124 
2133 2129 213 
2129 249 2128 
2131 1055 447 
2130 176 2128 
2134 2131 447 
2131 176 2130 
2133 56 1061 
2132 213 2122 
2133 1061 2129 
2133 213 2132 
2134 208 2127 
2134 447 1556 
2135 1581 1582 
2135 1582 1627 
2136 1997 1998 
2136 1998 1304 
2828 2137 1091 
2137 261 1110 
2139 2138 1413 
2780 2138 2139 
2780 2139 410 
2140 2139 1413 
2141 2140 1413 
2140 1412 1414 
2910 2141 1413 
2861 2141 936 
2144 1608 1620 
2143 2142 1610 
2143 1610 399 
2143 399 1613 
2144 192 1610 
2144 1610 2142 
2145 97 80 
2146 32 353 
2147 2146 353 
2146 100 2145 
2147 85 100 
2147 100 2146 
2192 2149 2148 
2148 791 1350 
2883 2149 1362 
2149 791 2148 
2150 407 1687 
2152 257 1586 
2152 170 1071 
2153 1071 1070 
2153 1070 257 
2154 1300 87 
2925 2924 2154 
2834 2155 1301 
2924 1302 2154 
2156 1018 1871 
2157 86 1092 
2157 258 1072 
2159 2158 811 
2158 867 1538 
2160 2159 243 
2506 811 1534 
2162 2161 2160 
2160 867 2158 
2161 869 1053 
2161 867 2160 
2162 869 2161 
2163 2162 243 
2185 2163 243 
2167 2164 2163 
2165 819 1037 
2164 869 2162 
2166 2165 1037 
2165 869 2164 
2855 2166 820 
2754 2166 868 
2168 2167 889 
2167 819 2164 
2168 819 2167 
2169 2168 889 
2177 2170 2169 
2171 2169 890 
2176 2174 2170 
2170 890 2169 
2173 818 2171 
2171 1040 2168 
2173 2172 818 
2173 2171 890 
2175 2173 890 
2188 2175 899 
2174 890 2170 
2175 244 2172 
2175 2172 2173 
2176 899 2174 
2176 814 1885 
2179 2178 2177 
2177 814 2170 
2178 814 2177 
2181 2178 872 
2179 872 2178 
2179 889 2163 
2180 814 2178 
2186 2180 873 
2185 872 2163 
2183 2181 2182 
2187 2182 871 
2187 2183 2182 
2184 812 1959 
2183 873 2181 
2511 2184 875 
2184 873 2183 
2185 243 2159 
2185 871 2182 
2511 2186 873 
2186 1882 1885 
2187 871 1536 
2187 812 2183 
2188 244 2175 
2189 899 1885 
2189 874 901 
2191 900 2190 
2190 900 244 
2190 244 2188 
2191 2189 901 
2191 901 900 
2193 2192 1051 
2192 16 2149 
2194 2193 1051 
2193 1050 16 
2730 2194 1046 
2194 1050 2193 
2196 2195 782 
2195 1046 2194 
2206 2197 782 
2198 2196 1047 
2805 2205 2197 
2197 1047 2196 
2202 2198 2199 
2198 1046 2195 
2202 2199 797 
2201 2199 1047 
2200 1287 1031 
2482 1031 1043 
2205 1047 2197 
2201 1287 2200 
2202 1046 2198 
2483 797 2482 
3072 2203 2483 
2204 1054 796 
2730 2204 796 
2204 1046 2202 
2805 2197 784 
2205 228 2201 
2207 2206 782 
2206 790 1348 
2207 790 2206 
2208 2207 782 
2208 1350 2207 
2208 782 2195 
2209 1909 1920 
2209 903 1972 
2904 2215 1020 
2210 1019 1809 
2227 2226 1019 
2211 1019 2210 
2225 2214 2213 
2707 2428 2224 
2226 2212 1017 
2858 2225 887 
2904 1020 2211 
2220 2215 1024 
2216 1020 2215 
2217 2216 1025 
2429 1026 2427 
2764 1025 2254 
2612 2224 2222 
2218 1026 2217 
2221 2220 1024 
2220 1025 2216 
2612 2222 2219 
2954 2221 1024 
2247 2221 976 
2222 1026 2218 
2627 2222 2218 
2224 1026 2222 
2428 2214 2427 
2428 2427 2224 
2225 2213 887 
2225 2211 1020 
3005 3004 1017 
2227 1019 2211 
2858 2227 2211 
2227 2212 2226 
2228 867 1053 
2228 430 1640 
2586 2425 2229 
2585 2560 2229 
2230 1731 1814 
2232 2230 975 
2246 2231 2235 
2231 1731 2230 
2234 2232 975 
2234 2233 2232 
2240 2238 1722 
2236 2233 1724 
2234 1722 2233 
2264 975 1728 
2236 1733 2233 
2253 2235 1023 
2269 1724 2252 
2236 1023 2235 
2240 1721 979 
2237 1722 2234 
2260 2258 979 
2238 1724 2233 
2252 2239 2251 
2239 1724 2238 
2240 1722 2237 
2241 2240 979 
2258 2244 979 
2245 2827 978 
2259 2244 2258 
2244 2241 979 
2704 2703 1727 
2242 1727 2241 
2244 2242 2241 
2245 2243 2827 
2261 2245 2259 
2247 2246 1732 
2246 1731 2231 
2256 2247 1732 
2248 2247 976 
2250 2248 976 
2250 2249 2248 
2249 1731 2248 
2249 1730 1813 
2250 1730 2249 
2250 976 1812 
2252 1724 2239 
2493 2252 886 
2252 2251 886 
2254 2253 1023 
2253 1732 2246 
2255 2254 1025 
2265 2254 1023 
2256 1025 2220 
2255 1732 2253 
2256 2220 2221 
2256 1732 2255 
2790 2259 2258 
2703 2257 1725 
2703 1725 2239 
2261 2259 986 
2259 2245 2244 
2260 979 1721 
2260 1721 1720 
2262 2261 986 
2261 2243 2245 
2913 2262 2263 
2793 2262 2792 
2555 1766 946 
2913 2912 2262 
2264 2234 975 
2264 1728 1721 
2764 2265 1027 
2788 2265 1023 
2627 2268 1021 
2266 1027 2265 
2268 2267 1021 
2268 2266 2267 
2268 2218 1027 
2788 2269 2107 
2269 2236 1724 
2270 999 1762 
2944 2270 913 
2978 2271 24 
2877 2271 23 
2273 2272 30 
2272 23 2271 
2645 2273 30 
2991 2273 727 
2274 794 1280 
2274 1280 1213 
2288 2275 792 
2275 802 1634 
2355 2277 2354 
2276 792 2275 
2363 2277 832 
2277 830 792 
2354 2278 297 
2280 2278 803 
2279 297 2278 
2667 804 2301 
2282 2280 803 
2283 2280 2282 
2282 793 2281 
2282 803 1634 
2938 2283 2281 
2938 2284 2283 
2283 804 2280 
2284 804 2283 
2286 2284 64 
2421 2286 846 
2287 2286 2285 
2287 2285 844 
2291 2287 844 
2287 846 2286 
2288 802 2275 
2706 2288 792 
2290 2289 845 
2289 846 2287 
2293 2290 845 
2300 2290 842 
2657 844 2353 
2291 845 2289 
3055 2353 129 
2299 2293 845 
2902 2299 296 
2672 2293 373 
2297 2294 296 
2547 295 2408 
2295 296 2292 
2338 2302 2326 
2298 2297 2296 
2296 296 2295 
2409 132 2406 
2297 296 2296 
2303 2298 300 
2298 132 2297 
2299 2292 296 
2902 296 2294 
2360 2300 842 
2301 2300 843 
2667 2301 843 
2421 804 2284 
2303 132 2298 
2339 2338 303 
2326 2302 299 
2343 2342 2305 
2304 293 2303 
2341 2309 2305 
2509 2304 2328 
2306 132 2303 
2307 2306 293 
2308 2307 293 
2418 292 2403 
2509 2309 2308 
2417 2308 81 
2341 2310 2309 
2309 81 2308 
2345 2311 2310 
2389 2310 283 
2346 2311 2345 
2416 2311 282 
2346 2313 2312 
2879 2312 98 
2314 2313 278 
2330 2313 277 
2342 278 2341 
2344 2314 2343 
2317 2316 2315 
2328 2315 125 
2319 2318 2316 
2316 125 2315 
2317 301 2316 
2327 2317 300 
2347 2318 302 
2318 125 2316 
2325 2320 2324 
2324 2321 2319 
2321 302 2319 
2323 302 2321 
2697 2321 2324 
2808 2348 2323 
2822 2321 19 
2808 2335 280 
2697 2324 2320 
2324 2319 301 
2325 299 2320 
2329 301 2317 
2326 299 2325 
2338 2326 303 
2329 2327 303 
2327 300 2298 
2343 2328 125 
2509 2328 2305 
2329 2317 2327 
2329 303 2326 
2332 2331 2330 
2330 98 2312 
3065 2331 2352 
2331 98 2330 
2333 2332 277 
2332 275 2331 
2349 2333 124 
2336 2333 277 
2334 124 2333 
2808 2474 2335 
2385 2337 2376 
2386 2385 651 
2336 280 2334 
2895 2336 277 
2340 2338 2339 
2339 303 2296 
2376 2337 123 
2339 2296 2295 
2340 2339 2295 
2340 2295 129 
2340 129 2302 
2342 2341 2305 
2345 2341 278 
2343 2305 2328 
2342 2314 278 
2344 2343 125 
2343 2314 2342 
2344 125 2318 
2344 2103 2314 
2345 2310 2341 
2346 2345 278 
2346 278 2313 
2346 2312 2311 
2348 2347 302 
2347 2103 2344 
2348 302 2323 
2348 280 2336 
2364 2350 2349 
2349 275 2332 
2378 2370 2350 
2695 2534 310 
2733 2351 2695 
2729 59 2352 
2922 2352 59 
3065 2352 274 
2354 2277 2276 
2355 2354 297 
3055 129 2295 
2357 2356 2355 
2355 832 2277 
2356 840 375 
3030 2361 375 
2358 2357 297 
2357 840 2356 
2358 297 2279 
2359 2358 843 
2360 2359 843 
2359 374 840 
2360 843 2300 
2360 842 374 
2362 833 831 
2361 832 2356 
2363 831 830 
2362 832 2361 
2363 830 2277 
2363 832 2362 
2365 2364 124 
2378 2364 2365 
2378 2365 650 
2367 2365 124 
2366 650 2365 
2375 2366 651 
2367 651 2366 
2367 124 2334 
2371 2369 2368 
2368 650 2366 
2369 140 649 
2370 649 276 
2370 276 2350 
2370 650 2369 
2371 140 2369 
2802 2377 2372 
2802 2372 2373 
2374 2373 656 
2373 2371 652 
2384 439 2382 
2374 140 2371 
2376 2375 651 
2377 2375 2376 
2377 2376 123 
2385 2376 651 
2377 652 2375 
2377 123 2372 
2378 650 2370 
2378 2350 2364 
2380 2379 645 
2379 140 2374 
2380 140 2379 
2387 2381 645 
2381 644 646 
2381 646 649 
2968 2383 2382 
2382 645 2379 
2383 643 436 
2387 436 644 
2384 2379 2374 
2959 2384 656 
2386 651 2367 
2388 2385 2335 
2386 2367 2334 
2386 2335 2385 
2387 644 2381 
2387 645 2383 
2388 279 2337 
2388 2337 2385 
2389 81 2310 
2391 2389 283 
2390 81 2389 
2410 284 2394 
2391 284 2389 
2415 2391 283 
2414 2393 2392 
2392 284 2391 
2395 2394 286 
2393 284 2392 
2410 2394 288 
2394 284 2393 
2396 2395 286 
2399 2396 21 
2396 286 390 
2399 2397 2396 
2401 2398 289 
2397 288 2395 
2403 2402 2398 
2398 288 2397 
2498 21 389 
2399 289 2397 
2813 2400 291 
2400 289 2399 
2401 285 2398 
2816 2401 289 
2417 2410 2402 
2402 288 2398 
2403 292 2402 
2404 2403 285 
2418 2404 294 
2413 285 2401 
2407 2406 2405 
2405 294 2404 
2419 132 2306 
2406 294 2405 
2411 2408 2407 
2407 295 2406 
2408 295 2407 
3020 2596 130 
2409 295 2294 
2409 2297 132 
2410 2390 284 
2410 288 2402 
2411 130 2408 
2412 2411 298 
2412 298 866 
2609 2412 290 
2413 866 298 
2413 298 2405 
2414 79 391 
2414 391 286 
2416 2415 283 
2991 2415 23 
2877 2416 282 
2416 23 2415 
2417 292 2308 
2417 81 2390 
2420 294 2419 
2418 2307 292 
2420 2306 2307 
2419 294 2406 
2420 2307 2418 
2420 2418 294 
2421 2284 2286 
2421 846 2301 
2422 609 615 
2422 615 614 
2907 110 2908 
2423 609 2422 
2425 2424 396 
2907 2424 2906 
2578 2425 396 
2906 2425 2905 
2429 2427 2426 
2426 2214 1020 
2427 1026 2224 
2427 2214 2426 
2707 2224 2223 
2428 1022 2214 
2429 2426 2216 
2429 2217 1026 
2431 563 562 
2432 2431 486 
2431 2430 486 
2463 2432 2433 
2434 2432 487 
2434 485 563 
2436 2435 487 
2463 2433 157 
2445 2440 158 
2435 485 2434 
2436 158 2435 
2440 485 2435 
2456 2446 2437 
2437 158 2436 
2459 2438 2701 
2463 2439 487 
2461 2460 2438 
2441 485 2440 
2653 2441 484 
2461 2439 2460 
2442 2437 2436 
2702 2701 0 
2458 2457 2456 
2451 2445 482 
2446 2445 158 
2444 479 2443 
2446 482 2445 
2446 158 2437 
2448 2447 480 
2447 482 2446 
2958 2450 480 
2597 2448 2450 
2958 2457 2449 
2597 2450 478 
2450 2448 480 
2453 2451 482 
2963 2452 153 
2462 2452 495 
2452 484 2451 
2455 2453 2454 
2453 153 2451 
2454 482 2447 
2454 2448 481 
2455 153 2453 
2455 481 660 
2456 480 2447 
2458 2456 2437 
2457 479 2449 
2457 480 2456 
2458 2437 2442 
2458 2443 2457 
2460 2439 157 
2592 2461 2459 
2459 2444 2443 
2592 2459 2443 
2461 2438 2459 
2462 152 2452 
2462 495 555 
2463 157 2439 
2463 487 2432 
2464 220 1001 
2464 1000 1641 
2465 1334 1464 
2465 1464 944 
2467 2466 1317 
2466 1316 2083 
2467 1317 1325 
2467 423 1316 
2469 2083 422 
3085 2468 1381 
2469 422 2054 
2469 1382 1381 
2471 1574 705 
2470 163 1577 
2632 2471 705 
2471 163 2470 
2472 812 1536 
2472 1537 878 
2473 607 118 
2473 597 114 
2474 2323 2322 
2474 279 2335 
2636 2475 269 
2647 2475 382 
2476 719 1319 
2476 1227 717 
2478 1431 404 
2477 935 1446 
2478 404 1423 
2903 1423 1424 
2496 569 2495 
2479 137 580 
2481 2480 1203 
2480 718 2065 
2481 1203 736 
2481 1225 718 
2483 2482 1043 
2482 797 2200 
2483 1043 1044 
2483 2203 797 
2484 149 344 
2485 344 66 
2495 2485 66 
2485 345 2484 
2994 2487 1016 
2487 263 1822 
2487 2486 263 
2488 424 2080 
2488 1395 2088 
2490 2489 1798 
2489 1806 1818 
2491 1798 1815 
2492 2490 888 
2952 2491 1803 
2491 888 2490 
2492 1806 2490 
2492 888 1808 
2593 2493 2494 
2493 2107 2269 
2901 2495 569 
2593 2494 1028 
2593 1028 2266 
2496 578 137 
2496 2479 569 
2497 458 139 
2497 139 501 
2499 389 387 
2498 291 2400 
2772 2499 387 
2499 291 2498 
2501 2500 88 
2500 1848 1884 
2501 88 1849 
2501 1866 1875 
2502 1442 1475 
2502 405 1468 
2503 1467 931 
2503 1442 2502 
2504 1497 1498 
2835 2504 1498 
2505 1401 403 
2505 403 1950 
2506 1534 871 
2506 871 2185 
2507 349 455 
2507 455 318 
2686 2508 396 
2577 2566 2565 
2509 293 2304 
2509 2305 2309 
2510 848 852 
2510 835 1363 
2511 875 1956 
2511 1882 2186 
2512 1835 1844 
2512 883 1838 
2517 2514 657 
2557 2513 2556 
2575 629 2564 
2514 2513 635 
2576 2514 635 
2517 1 2515 
2516 631 2513 
2517 657 1 
2517 2515 2516 
2520 2519 1946 
2522 2520 1946 
2518 1697 956 
2521 1948 5 
2532 2520 1947 
2521 5 2519 
2521 2519 2520 
2522 2524 2523 
2522 1946 2524 
2526 2525 1685 
2530 2523 2527 
2528 2527 1685 
2526 2523 927 
2524 927 2523 
2525 1684 1685 
2530 2527 1683 
2527 2523 2526 
2529 1682 958 
2528 1683 2527 
2533 958 1693 
2529 1683 2528 
2531 1683 1696 
2530 1947 2523 
2531 1696 1697 
2532 2531 1697 
2532 1697 2518 
2532 2518 2520 
2533 1683 2529 
2533 1693 1696 
2733 2695 310 
2534 276 646 
2535 923 1661 
2535 1474 1674 
2945 2536 1440 
2536 997 1757 
2537 1744 1743 
2537 919 1749 
2538 268 1068 
2539 2538 199 
2540 2539 199 
2542 380 1390 
3010 380 2542 
3049 2540 199 
2543 2541 382 
2810 2541 1079 
2751 2647 1390 
2542 382 2539 
2543 1079 2541 
2543 382 2475 
2583 2582 2571 
2987 2640 636 
2584 2546 2544 
2547 373 2294 
2547 2294 295 
2549 444 865 
2771 2548 864 
2550 2549 865 
2549 864 2548 
2550 865 850 
2550 182 864 
2551 182 2550 
2553 2552 850 
2552 849 851 
2552 851 2551 
2554 850 855 
2553 379 849 
2554 855 853 
2554 379 2553 
2555 946 1770 
2913 2555 985 
2557 629 2513 
2558 2557 371 
2557 2556 371 
2586 2558 2559 
2560 2558 2229 
2560 629 2557 
2585 2561 2560 
2586 2559 632 
2562 2561 628 
2564 2561 2562 
2565 2563 2562 
2564 2562 372 
2563 372 2562 
2572 2563 626 
2564 629 2561 
2568 2564 372 
2565 626 2563 
2577 2565 628 
2588 2566 370 
2566 626 2565 
2567 372 2563 
2587 2579 2545 
2568 372 2567 
2587 2567 633 
2569 2570 630 
2576 2569 630 
2931 2573 2929 
2581 2568 2571 
2588 626 2566 
2929 2573 625 
2931 2655 2574 
2579 2574 369 
2574 2572 2573 
2575 635 2513 
2575 2513 629 
2576 635 2569 
2576 630 657 
2578 2577 628 
2577 2508 2566 
2578 396 2577 
2585 2578 628 
2579 633 2574 
2580 2579 369 
2580 2545 2579 
2580 369 636 
2581 2570 2569 
2581 2569 2568 
2582 127 2570 
2582 2570 2581 
2584 2583 2545 
2583 127 2582 
2584 2545 2546 
2584 2544 127 
2585 2229 2578 
2585 628 2561 
2586 632 2425 
2586 2229 2558 
2587 2571 2567 
2587 633 2579 
2675 2588 370 
2588 625 2573 
2859 2589 728 
2589 168 1573 
2590 159 160 
2590 178 108 
2591 177 524 
2591 509 433 
2592 2443 2458 
2592 2442 2461 
2593 2266 2107 
2593 2107 2493 
2594 171 1391 
2752 2594 1391 
2595 721 2047 
2595 1383 2063 
2596 841 373 
2596 373 2408 
3070 2598 478 
2597 481 2448 
2598 155 660 
2598 481 2597 
2599 1820 1015 
3024 1895 1011 
2601 1830 2599 
3057 2601 2600 
3088 2601 2599 
2928 2603 1544 
2603 219 1559 
2604 1497 1500 
2605 2604 415 
2605 415 1304 
2605 1304 1302 
2606 404 1431 
2606 950 1417 
2818 2608 1404 
2607 404 2606 
2608 404 2607 
2608 1314 1409 
2609 858 2412 
2609 290 859 
2610 107 496 
2962 2961 2610 
2613 2612 2611 
2612 2219 2611 
2613 2 2223 
2613 2611 2 
2613 2223 2224 
2614 250 1057 
2615 1057 253 
2616 2615 253 
2615 1058 2614 
2617 2616 253 
2625 2616 1065 
2617 253 1062 
2622 2617 1063 
2623 2619 2618 
2618 1063 2617 
2620 171 2594 
2619 1063 2618 
2621 2594 380 
2620 1063 2619 
2624 2621 380 
2621 1063 2620 
2622 1063 2621 
2622 1065 2616 
2623 252 1064 
2623 1064 2619 
2624 380 2540 
2624 1065 2622 
2625 1058 2615 
2625 1065 1066 
2627 2626 2222 
2627 1021 2626 
2626 2219 2222 
2628 1663 1662 
2628 1671 964 
2629 654 58 
2629 58 663 
2630 133 598 
2630 590 355 
2632 109 704 
2631 705 2108 
2632 704 2471 
2632 705 2631 
2940 2633 779 
2633 1097 747 
2634 1080 1079 
2634 269 2099 
2635 733 1375 
2635 1080 2634 
2636 269 2634 
2636 1079 2543 
2637 1444 1711 
2637 1711 406 
2639 2638 1471 
2638 959 1661 
2974 2639 1456 
2639 959 2638 
2640 664 663 
2640 438 2546 
2641 1310 1476 
2642 2641 1415 
2643 2642 1415 
2642 1414 1978 
2643 410 1414 
2643 1415 1469 
2644 464 95 
2644 465 470 
2646 30 53 
2645 85 726 
2646 43 100 
2646 85 2645 
2647 1389 2475 
2647 382 2542 
2648 319 457 
2648 457 316 
2783 2649 108 
2664 2663 180 
2935 2650 2783 
2651 2650 185 
2651 180 2650 
2652 2651 185 
2652 185 1636 
2652 103 385 
2653 484 2452 
2653 152 2441 
2656 2655 2654 
2930 2654 627 
2655 369 2574 
2655 627 2654 
2656 369 2655 
2999 2656 634 
3055 2657 2353 
2657 2292 2291 
2658 85 2147 
2659 2658 26 
2661 2659 26 
2661 2660 2659 
2660 287 391 
2660 391 392 
2662 26 351 
2661 352 287 
2663 351 2649 
2662 352 2661 
2663 2649 180 
2663 352 2662 
2664 352 2663 
2665 2664 180 
2665 180 2651 
2665 385 384 
2666 1241 2061 
2666 720 2051 
2667 843 2358 
2667 2279 804 
2668 235 1656 
2668 1089 744 
2670 564 567 
2700 2671 571 
2671 2669 2670 
2672 373 841 
2672 842 2290 
2674 2673 595 
2673 146 624 
2679 2678 2674 
2674 146 2673 
2675 624 625 
2676 2675 370 
2677 2676 370 
2676 595 2673 
2688 2677 601 
2677 370 2508 
2678 593 605 
2678 146 2674 
2753 2679 592 
2679 593 2678 
2681 2680 595 
2680 594 2679 
2681 133 594 
2688 2681 595 
2682 133 2681 
2685 2682 601 
2683 598 133 
2683 133 2682 
2684 598 2683 
2684 610 2423 
2686 2685 601 
2687 2686 396 
2686 601 2508 
2687 396 2424 
2687 2424 610 
2687 2685 2686 
2688 601 2682 
2688 595 2676 
2689 357 598 
2689 598 2684 
2690 1100 1099 
2778 2690 220 
2691 1222 1221 
2691 758 824 
2692 1839 883 
2692 883 1870 
2693 454 455 
2693 349 534 
2694 1717 974 
2694 974 1785 
2695 2351 276 
2695 276 2534 
2696 800 1360 
2696 1359 231 
2697 2320 19 
2697 19 2321 
2699 572 2698 
2728 572 2699 
2700 2698 346 
2700 346 2671 
2725 2700 571 
2702 2444 2459 
2702 0 2444 
2702 2459 2701 
2703 2239 1727 
2704 1727 2242 
2704 2242 978 
2704 2257 2703 
2705 1838 1839 
2705 1839 955 
2706 792 828 
2706 828 829 
2707 2223 1022 
2707 1022 2428 
2708 2119 212 
2708 2120 2132 
2717 2711 1274 
2709 1273 1507 
2710 270 1272 
2710 1273 2709 
2711 2709 1274 
2711 1366 270 
2712 1274 2709 
2712 1507 1508 
2714 1509 242 
2713 1274 2712 
2716 2714 242 
2714 1274 2713 
2746 2715 1508 
2715 271 1509 
2716 242 1368 
2717 1369 1366 
2717 1366 2711 
2717 2714 2716 
2718 620 605 
2718 605 593 
2719 347 568 
2720 2719 383 
2721 2720 383 
3084 2722 584 
2779 2721 383 
2721 580 138 
2726 2722 348 
2726 2723 2722 
2724 2723 573 
2723 2719 2720 
2725 573 2699 
2724 347 2719 
2725 2699 2700 
2725 571 347 
2726 573 2723 
2727 2726 348 
2727 348 586 
2727 586 602 
2728 573 2726 
2728 602 572 
2729 275 2350 
2729 2351 59 
2730 1046 2204 
2731 2730 796 
2731 796 1050 
2731 1050 2194 
2732 308 59 
2732 310 684 
2733 310 2732 
2733 59 2351 
2734 822 1029 
2735 2734 809 
2735 1286 1285 
2736 2735 809 
2737 809 1030 
2736 1031 1287 
2738 2737 1030 
2737 1031 2736 
2739 1030 241 
2738 1032 1031 
2739 241 1033 
2739 1032 2738 
2740 738 1384 
2740 1385 1506 
2749 2741 1389 
2748 2741 1387 
2743 2742 17 
2742 1387 2741 
2743 17 2033 
2745 2744 2743 
2747 2034 1386 
2744 1387 2743 
2746 2033 271 
2745 2034 2744 
2746 271 2715 
2746 1508 2034 
2747 1386 269 
2748 2747 269 
2748 1387 2747 
2748 269 2475 
2750 2749 1389 
2749 1388 2742 
2751 1389 2647 
2750 381 1388 
2752 2751 1390 
2751 381 2750 
2752 1390 2594 
2752 1391 381 
2753 592 67 
2753 67 658 
2754 868 1053 
2754 869 2165 
2755 150 340 
2756 340 342 
2757 2756 342 
2756 341 2755 
2757 342 149 
2757 149 555 
2759 162 706 
2761 2758 196 
2760 2759 201 
2759 196 2758 
2760 163 704 
2760 196 2759 
2762 2761 196 
2761 22 709 
2762 196 704 
2762 195 22 
2763 136 329 
2763 94 322 
2765 2764 1027 
2764 2217 1025 
2765 1027 2218 
2765 2218 2217 
2767 2766 924 
2766 1667 1666 
2767 924 1681 
2767 1686 1667 
2769 2768 183 
2821 2768 386 
2769 386 2768 
2771 183 2548 
2770 387 389 
2819 2770 181 
2772 2771 864 
2771 387 2769 
2772 864 182 
2772 863 2499 
2773 1690 1675 
2773 1461 1941 
2774 1537 813 
2774 813 1539 
2775 141 2774 
2775 1539 1540 
2776 1763 896 
2776 896 1954 
2777 1006 1799 
2777 1797 1817 
2778 220 2104 
2778 1102 1101 
2779 383 2479 
2779 2479 580 
2780 410 1452 
2780 1452 1451 
2781 533 173 
2781 526 534 
2782 313 73 
2782 73 322 
2783 108 179 
2935 2783 179 
2784 126 328 
2784 326 327 
2785 327 331 
2785 331 126 
2786 1443 931 
2786 931 1736 
2787 1443 2786 
2787 1444 1756 
2788 1023 2236 
2788 2107 2266 
2893 2789 1186 
2789 1315 237 
2791 2790 1723 
2790 986 2259 
2791 1723 973 
2791 1766 2263 
2793 2261 2262 
2793 2243 2261 
2793 2792 2243 
2794 435 638 
2794 619 70 
2795 147 619 
2795 619 2794 
2796 170 1558 
2797 2796 448 
2797 448 1595 
2797 1055 250 
2798 362 2027 
2798 1262 1630 
2800 2799 1694 
2799 926 1695 
2800 1694 1693 
2800 1692 1691 
2801 336 74 
2801 74 343 
2802 2373 652 
2802 652 2377 
2803 451 450 
2803 450 25 
2804 931 1443 
2804 1442 2503 
2805 784 1290 
2805 1290 228 
2807 366 1923 
2806 1396 1422 
2807 1924 1396 
2807 1396 2806 
2808 280 2348 
2808 2323 2474 
2809 318 457 
2809 457 458 
2810 1078 268 
2810 268 2541 
2811 175 1569 
2811 207 543 
2812 905 1917 
2812 1915 907 
2814 291 862 
2816 2813 861 
2814 862 860 
2815 860 290 
2815 290 866 
2815 861 2814 
2816 861 2401 
2816 289 2400 
2817 1035 821 
2853 2817 1034 
2818 1403 1314 
2818 1314 2608 
2819 181 385 
2820 2819 385 
2820 385 103 
2821 2820 103 
2821 103 1583 
2821 1583 2768 
2822 19 2322 
2822 2322 2323 
2823 538 539 
2823 552 553 
2824 337 343 
3089 2824 150 
2826 2825 465 
2825 337 2824 
2826 95 462 
2826 337 2825 
2828 261 2137 
2828 1086 261 
2245 978 2242 
2829 1924 1931 
2829 424 2488 
2830 851 378 
2830 378 859 
2831 341 2610 
2831 496 150 
2832 376 834 
2832 834 1363 
2833 918 1819 
2833 1819 1014 
2924 2834 1302 
2835 2834 1301 
2835 1498 2834 
2836 2835 1301 
2836 1301 1499 
3064 2836 1499 
2837 1496 1495 
2837 1495 1497 
2838 1177 741 
2838 741 1200 
2839 980 1745 
2839 1767 1768 
2843 2840 2841 
2840 330 126 
2984 2842 332 
2843 2841 148 
2842 66 344 
2844 2842 344 
2843 148 339 
2843 339 330 
2844 344 342 
2844 148 2841 
2846 2845 1679 
2845 958 1682 
2846 958 2845 
2846 1679 966 
2847 1762 1763 
2847 1763 1902 
2848 1044 825 
2850 2848 825 
2854 2849 2850 
2849 821 1045 
2851 825 1033 
2854 2850 1034 
2852 2851 1033 
2851 1034 2850 
2855 1033 1048 
2853 2852 820 
2853 1034 2852 
2853 820 1036 
2854 821 2849 
2854 1034 2817 
2856 2855 1048 
2855 820 2852 
2856 1048 868 
2856 868 2166 
2857 1045 240 
3072 2857 240 
2858 2211 2225 
2858 887 2212 
2859 728 1623 
2859 445 2109 
2862 936 1423 
2860 1409 1410 
2861 1411 1412 
2861 1412 2141 
2863 2862 1423 
2862 1409 2860 
2863 1409 2862 
2863 1423 404 
2864 1059 249 
2864 1061 1060 
2865 943 1941 
2869 2866 1461 
2870 2866 1459 
2870 2867 2866 
3048 2868 1463 
2867 943 2865 
2872 1335 1487 
3021 2868 1485 
2869 1461 1675 
3069 2869 942 
2871 1459 412 
2870 1463 2867 
3038 2871 412 
2871 1463 2870 
2873 1487 247 
2872 1485 2868 
2874 2873 247 
2873 1485 2872 
2874 247 1490 
2875 2874 1490 
2876 1490 952 
3021 2875 1488 
2876 952 1488 
2876 1488 2875 
2877 23 2416 
2878 2877 282 
2879 2878 282 
2878 281 2271 
2879 282 2312 
2879 98 281 
2880 604 672 
2880 142 659 
2881 1483 1332 
2881 1332 2105 
2882 61 491 
2882 491 505 
2883 1362 777 
2883 1361 791 
2884 1070 1069 
2884 1072 258 
2885 1200 233 
2885 233 1220 
2886 359 503 
2886 471 472 
2887 725 1100 
2887 1100 224 
2888 418 1244 
2888 1243 1245 
2889 1248 418 
2889 418 2888 
2891 1442 2804 
3026 2890 930 
2891 1443 1441 
2891 1441 2890 
2893 2892 1316 
2892 1186 2082 
2893 1315 2789 
2893 1186 2892 
2894 1316 423 
2894 1318 1315 
2895 2103 2336 
2895 277 2313 
2896 1450 1451 
2896 940 1455 
2897 1455 1465 
2897 945 1450 
2898 1863 1871 
2898 1018 1896 
2901 2900 345 
2899 144 557 
2900 568 566 
2900 566 2899 
2901 568 2900 
2901 345 2495 
2902 2294 373 
2902 2293 2299 
2903 1424 1472 
2903 935 2478 
2904 2211 2210 
2904 2210 2215 
2906 2424 2425 
2907 2906 110 
2906 2905 110 
2907 2908 2423 
2907 2423 2424 
2909 817 1934 
2909 1540 817 
2908 609 2423 
2910 1424 2141 
2910 1413 2138 
2914 2912 985 
2912 246 2262 
2912 2911 246 
2913 2263 2555 
2913 985 2912 
2914 2911 2912 
2914 985 1773 
2917 2915 28 
2915 25 35 
2916 304 453 
2916 25 2915 
2917 28 314 
2917 304 2916 
2920 2918 24 
2918 27 41 
2919 273 307 
2919 27 2918 
2921 24 281 
2920 273 2919 
2921 281 274 
2922 2921 274 
2923 59 308 
2922 273 2921 
2923 308 307 
2923 273 2922 
2925 2154 87 
2924 2155 2834 
2925 87 2155 
2925 2155 2924 
2927 2926 949 
2926 1379 1931 
3074 2927 238 
2927 949 1928 
2928 224 1101 
2928 1101 219 
2930 625 368 
2931 2929 627 
2930 368 639 
2930 627 2929 
2931 627 2655 
2931 2574 2573 
2932 428 1324 
2932 1325 1326 
2933 1326 1928 
2933 1928 428 
2934 583 582 
2934 582 587 
3092 2935 179 
3092 2936 2935 
2936 185 2935 
2936 109 1637 
2937 518 522 
2937 522 177 
2938 2281 64 
2938 64 2284 
2939 1630 2031 
2939 400 1631 
2941 779 1002 
2940 189 1097 
2942 2941 1002 
2941 189 2940 
2943 1002 1374 
2942 1001 1099 
2943 221 1645 
2943 1001 2942 
2944 913 1903 
2944 1434 1438 
2945 1440 932 
2945 932 1751 
2946 854 1150 
2946 222 1155 
2947 1928 1927 
2947 1927 1929 
2948 823 1295 
2948 870 1283 
2949 1920 1859 
2949 1859 1966 
2950 983 1666 
2966 2950 963 
2952 2951 1804 
2951 1803 992 
2953 2952 1804 
2952 888 2491 
2954 2953 1804 
2953 1809 888 
2954 1024 2953 
3011 2954 1804 
2957 2955 2956 
2955 1204 735 
2957 2956 194 
2956 1267 1268 
2957 194 1205 
2957 1204 2955 
2958 2449 2450 
2958 480 2457 
2959 654 439 
2959 439 2384 
2960 655 58 
2960 654 2959 
2963 2961 495 
2961 494 2610 
2962 341 555 
2962 495 2961 
2963 495 2452 
2963 153 494 
2964 928 1428 
2964 128 1433 
2965 395 551 
2965 551 552 
2966 1774 1772 
2966 963 2008 
2967 738 1506 
2967 1273 1275 
2968 439 653 
2968 643 2383 
2969 194 2956 
2969 1268 1269 
2970 944 1453 
2970 1453 1452 
2971 70 621 
2971 446 648 
2973 2972 1670 
2972 1667 1686 
3050 2973 1670 
2973 963 1667 
2974 1456 941 
2974 941 1460 
2977 894 1858 
2976 1859 1920 
2976 1920 265 
2976 1888 2975 
2977 1858 1975 
2977 1859 2975 
2978 24 34 
2978 33 2272 
2979 1014 1819 
2982 1819 1016 
2980 1822 1821 
2980 1820 1014 
2981 1015 1820 
2981 1820 2980 
2982 1016 2487 
2982 1822 2979 
2983 585 116 
2983 116 589 
2984 66 2842 
2985 332 331 
2985 331 576 
2985 576 578 
2986 642 647 
2986 93 644 
2987 636 437 
2987 664 2640 
2988 198 1516 
2988 824 1223 
2989 906 1923 
2989 1426 1916 
2990 1923 366 
3008 2990 366 
2991 727 2415 
2991 23 2272 
2992 1698 956 
2992 1697 957 
2993 145 600 
2993 600 603 
2996 2995 2994 
3006 1807 3005 
2995 1806 2492 
2995 1807 2994 
2996 1016 1818 
2996 1806 2995 
2997 1844 1893 
2997 1018 2156 
2998 1372 1370 
2998 1370 367 
2999 437 636 
2999 634 662 
3000 1328 1327 
3000 795 1329 
3001 29 159 
3001 40 52 
3002 1454 1456 
3002 248 1455 
3003 1808 1019 
3003 1019 2226 
3004 2226 1017 
3004 1807 1808 
3005 1017 2486 
3006 2486 2487 
3006 2487 2994 
3006 2994 1807 
3007 945 1467 
3007 1467 2503 
3008 366 2806 
3008 1421 1419 
3009 416 563 
3009 485 2441 
3010 2539 2540 
3010 2540 380 
3011 1804 1812 
3011 976 2221 
3013 3012 251 
3012 1066 1067 
3014 3013 251 
3013 1058 2625 
3014 251 1071 
3014 1511 1058 
3015 31 35 
3015 25 450 
3016 586 585 
3016 585 613 
3017 641 436 
3017 643 437 
3018 542 205 
3018 205 538 
3019 377 839 
3020 839 841 
3020 841 2596 
3020 130 3019 
3021 1485 2875 
3021 943 2867 
3022 28 42 
3022 37 313 
3023 36 41 
3023 27 307 
3024 1011 1831 
3024 1831 1830 
3025 86 1074 
3025 1074 1103 
3026 1473 1447 
3026 1447 1475 
3028 3027 304 
3027 62 454 
3028 304 314 
3028 315 459 
3029 1534 1533 
3029 1533 1535 
3030 833 2361 
3030 375 836 
3031 837 857 
3031 378 847 
3032 377 837 
3032 837 836 
3033 732 1268 
3033 731 1088 
3034 412 1458 
3034 1457 1464 
3035 1895 879 
3035 1894 1896 
3036 882 1865 
3036 1865 901 
3037 161 160 
3037 29 449 
3038 412 3034 
3038 1464 1334 
3039 637 638 
3039 96 639 
3040 31 449 
3040 29 3001 
3042 893 1856 
3041 602 65 
3041 572 602 
3043 941 1454 
3043 1453 1457 
3044 1717 1718 
3044 973 1720 
3045 529 528 
3045 528 166 
3046 1004 1003 
3046 1005 1008 
3047 138 580 
3047 580 579 
3048 1463 2871 
3048 1335 2868 
3049 199 1067 
3049 1066 1065 
3052 1670 1687 
3050 1669 2008 
3052 407 3051 
3052 3050 1670 
3051 1669 3050 
3053 137 576 
3053 577 579 
3054 1056 249 
3054 249 1059 
3055 2295 2292 
3055 2292 2657 
3056 1489 1699 
3056 957 1694 
3057 879 1895 
3057 1895 3024 
3058 1176 1177 
3058 1177 722 
3059 388 389 
3059 21 390 
3060 736 1203 
3060 1202 1204 
3061 1242 1244 
3061 1244 1246 
3062 526 525 
3062 525 530 
3063 40 159 
3063 32 2145 
3064 1499 411 
3064 1496 2837 
3065 274 281 
3065 98 2331 
3067 3066 581 
3066 354 582 
3067 581 114 
3067 114 597 
3068 839 838 
3068 838 840 
3069 1458 1459 
3069 1459 2869 
3070 155 2598 
3070 478 477 
3071 1479 1481 
3071 1335 1480 
3072 1044 2857 
3072 240 1054 
3073 1450 945 
3073 945 1468 
3074 1379 2927 
3074 238 1380 
3075 436 641 
3075 641 640 
3076 339 340 
3076 340 150 
3077 525 524 
3077 524 527 
3079 472 151 
3078 467 473 
3080 3079 151 
3079 467 3078 
3081 3080 151 
3089 3080 466 
3081 151 470 
3081 465 2825 
3082 848 847 
3082 847 849 
3083 1752 1751 
3083 1751 932 
3084 583 585 
3084 348 2722 
3085 238 1326 
3085 1317 2468 
3086 74 329 
3086 329 328 
3087 1447 1446 
3087 1446 1448 
3088 2599 1015 
3088 2600 2601 
3089 466 2824 
3089 150 496 
3090 364 1251 
3090 1248 1260 
3091 1032 1033 
3091 825 1043 
3092 109 2936 
3092 179 195 
