0 0 0.0
0 0.5 0.0
1.5 0.5 0.0
0.320225 0.220611 0.0
0.323776 0.234549 0.0
1.5 0 0.0
0.276224 0.234549 0.0
0.279775 0.220611 0.0
0.307725 0.202447 0.0
0.3 0.2 0.0
0.292275 0.297553 0.0
0.3 0.3 0.0
0.307725 0.297553 0.0
0.320225 0.279389 0.0
0.323776 0.265451 0.0
0.325 0.25 0.0
0.75 0.5 0.0
0.75 0 0.0
0.375 0 0.0
0.375 0.5 0.0
0.593929 0.279071 0.0
0.457109 0.306841 0.0
0.39237 0.177625 0.0
0.357348 0.339277 0.0
0.315624 0.335904 0.0
0.315623 0.164096 0.0
0.397469 0.263513 0.0
0.28789 0.324814 0.0
0.287889 0.175186 0.0
0.354711 0.196454 0.0
0.351065 0.301722 0.0
0.329734 0.18782 0.0
0.364527 0.239096 0.0
0.328322 0.310794 0.0
0.30968 0.317139 0.0
0.309679 0.182861 0.0
0.273929 0.308585 0.0
0.273929 0.191415 0.0
0.249446 0.220306 0.0
0.25253 0.278909 0.0
0.345861 0.221501 0.0
0.292104 0.311509 0.0
0.292104 0.188492 0.0
0.344608 0.278179 0.0
0.292274 0.202447 0.0
0.285305 0.209549 0.0
0.314695 0.209549 0.0
0.275 0.25 0.0
0.276224 0.265451 0.0
0.279775 0.279389 0.0
0.314695 0.290451 0.0
0.285305 0.290451 0.0
0.33353 0.207045 0.0
0.333109 0.292745 0.0
0.354323 0.157135 0.0
0.404482 0.109565 0.0
0.5625 0 0.0
0.524512 0.166034 0.0
0.1875 0.5 0.0
0.282837 0.377673 0.0
0.254728 0.339221 0.0
0.1875 0 0.0
0.282836 0.122328 0.0
0.254728 0.160779 0.0
0.5625 0.5 0.0
0 0.25 0.0
0.117996 0.178645 0.0
0.121848 0.313867 0.0
0.267965 0.292208 0.0
0.243039 0.31056 0.0
0.183517 0.35155 0.0
0.181424 0.274835 0.0
0.267965 0.207792 0.0
0.243039 0.18944 0.0
0.183588 0.148481 0.0
0.190486 0.216447 0.0
0.255773 0.240704 0.0
0.218479 0.241091 0.0
0.320132 0.197243 0.0
0.399253 0.312963 0.0
0.342395 0.240848 0.0
0.408885 0.374826 0.0
0.319397 0.302036 0.0
0.306642 0.307552 0.0
0.306642 0.192448 0.0
0.374323 0.282686 0.0
0.683709 0.146104 0.0
1.125 0 0.0
1.125 0.5 0.0
0.258758 0.25906 0.0
0.23331 0.261976 0.0
0.783838 0.310505 0.0
0.217771 0.33758 0.0
0.220212 0.392543 0.0
0.217808 0.162437 0.0
0.22026 0.107492 0.0
0.157624 0.411647 0.0
0.340855 0.259029 0.0
0.332935 0.381515 0.0
0.327808 0.120778 0.0
0.361827 0.264863 0.0
0.281784 0.300877 0.0
0.281784 0.199123 0.0
0.469951 0.226452 0.0
0 0.125 0.0
0.264573 0.22416 0.0
0.09375 0 0.0
0.140568 0.0730912 0.0
0.404188 0.220018 0.0
0.440613 0.18702 0.0
0 0.375 0.0
0.227008 0.288504 0.0
0.206584 0.265246 0.0
0.184626 0.245435 0.0
0.125083 0.253823 0.0
0.151186 0.22359 0.0
0.0616672 0.280516 0.0
0.155919 0.257182 0.0
0.150381 0.292435 0.0
0.182657 0.313187 0.0
0.9375 0.5 0.0
0.28125 0 0.0
0.303232 0.0608891 0.0
0.28125 0.5 0.0
0.303322 0.439112 0.0
0.390768 0.437095 0.0
0.164427 0.184758 0.0
0.09375 0.5 0.0
1.18217 0.25 0.0
0.46875 0.5 0.0
0.516263 0.399896 0.0
0.648522 0.399537 0.0
0.454517 0.421873 0.0
0.063135 0.34884 0.0
0.266218 0.275421 0.0
0.2205 0.210217 0.0
0.20011 0.187399 0.0
0.113035 0.217036 0.0
0.084745 0.246667 0.0
0.241788 0.0486583 0.0
0.241896 0.45129 0.0
1.03125 0.347022 0.0
0.201671 0.290158 0.0
0.215806 0.311803 0.0
0.0613278 0.146699 0.0
0.152471 0.333055 0.0
0.11185 0.363854 0.0
0.150175 0.372214 0.0
0.145201 0.151405 0.0
0.103919 0.137382 0.0
0.161439 0.11115 0.0
0.188501 0.0715575 0.0
0.0747483 0.106039 0.0
0.0976345 0.0695411 0.0
0.140625 0 0.0
0.121978 0.0365311 0.0
0.164062 0.0349885 0.0
0 0.0625 0.0
0.0489322 0.0644268 0.0
0.369044 0.215605 0.0
0.377274 0.194506 0.0
0.370284 0.173066 0.0
0.388254 0.141785 0.0
0.43227 0.143757 0.0
0.453149 0.0983995 0.0
0.46875 0 0.0
0.415912 0.0477403 0.0
0.3654 0.110078 0.0
0.477782 0.157417 0.0
0.510878 0.108953 0.0
0.599344 0.117991 0.0
0.65625 0 0.0
0.384469 0.0738958 0.0
0.342638 0.0749655 0.0
0.328125 0 0.0
0.491099 0.0539798 0.0
0.553658 0.0625163 0.0
0.362651 0.039137 0.0
0.398895 0.19865 0.0
0.42288 0.204048 0.0
0.435635 0.2379 0.0
0.464336 0.266775 0.0
0.526686 0.298706 0.0
0.510892 0.252706 0.0
0.579699 0.355298 0.0
0.447828 0.212282 0.0
0.476285 0.192208 0.0
0.505928 0.215399 0.0
0.564906 0.226534 0.0
0.644847 0.216657 0.0
0.687458 0.303397 0.0
0.740633 0.223438 0.0
0.9375 0 0.0
0.924107 0.186647 0.0
0.807855 0.114341 0.0
0.415229 0.182055 0.0
0.408098 0.157662 0.0
0.837317 0.229714 0.0
0.9068 0.333804 0.0
0.676071 0.071907 0.0
0.738802 0.102941 0.0
0.410649 0.134135 0.0
0.431672 0.115997 0.0
0.460489 0.129262 0.0
0.424553 0.0854042 0.0
0.4533 0.0601073 0.0
0.481218 0.108028 0.0
0.496845 0.0829576 0.0
0.528768 0.0825099 0.0
0.554525 0.119208 0.0
0.578261 0.167452 0.0
0.52345 0.0503994 0.0
0.515625 0 0.0
0.549167 0.0299977 0.0
0.631854 0.161073 0.0
0.495258 0.133819 0.0
0.525676 0.135587 0.0
0.55178 0.15183 0.0
0.550944 0.183501 0.0
0.57811 0.198469 0.0
0.605743 0.228608 0.0
0.637529 0.262664 0.0
0.633623 0.31842 0.0
0.690793 0.247551 0.0
0.6073 0.183101 0.0
0.736421 0.278298 0.0
0.787156 0.254602 0.0
0.733704 0.333306 0.0
0.799309 0.411036 0.0
0.68477 0.358263 0.0
0.721623 0.427181 0.0
0.65625 0.5 0.0
0.790772 0.198895 0.0
0.845995 0.166049 0.0
0.899008 0.0870258 0.0
0.742199 0.163152 0.0
0.833699 0.285415 0.0
0.901848 0.261874 0.0
1.00198 0.250597 0.0
0.836867 0.3538 0.0
0.84375 0.5 0.0
0.882824 0.424898 0.0
0.84375 0 0.0
0.973121 0.416614 0.0
1.03125 0.5 0.0
1.15568 0.12452 0.0
1.5 0.25 0.0
1.3125 0 0.0
1.30975 0.157534 0.0
0.578095 0.0425722 0.0
0.598533 0.0775168 0.0
0.638911 0.0969528 0.0
0.609375 0 0.0
0.620703 0.0411011 0.0
0.777437 0.362946 0.0
0.577775 0.138021 0.0
0.603635 0.152314 0.0
0.625357 0.132168 0.0
0.654115 0.140887 0.0
0.674902 0.109519 0.0
0.663587 0.1737 0.0
0.704797 0.182614 0.0
1.07812 0.423511 0.0
1.3125 0.5 0.0
1.21875 0.389939 0.0
1.132 0.337885 0.0
1.37515 0.351675 0.0
0.708354 0.120818 0.0
0.708251 0.0857764 0.0
0.747437 0.0518006 0.0
0.847271 0.0588209 0.0
0.796875 0 0.0
0.332913 0.2248 0.0
0.293109 0.351984 0.0
0.308392 0.372994 0.0
0.301173 0.405694 0.0
0.259556 0.412918 0.0
0.337264 0.420152 0.0
0.372536 0.396639 0.0
0.328125 0.5 0.0
0.337614 0.460639 0.0
0.32753 0.357475 0.0
0.3523 0.364533 0.0
0.382809 0.357498 0.0
0.411403 0.342753 0.0
0.464306 0.363042 0.0
0.429057 0.31818 0.0
0.430489 0.281354 0.0
0.440791 0.345239 0.0
0.467769 0.334037 0.0
0.509926 0.353779 0.0
0.492582 0.308624 0.0
0.437638 0.373835 0.0
0.424336 0.405493 0.0
0.460786 0.392686 0.0
0.486297 0.413433 0.0
0.4807 0.456408 0.0
0.590108 0.43658 0.0
0.490488 0.381182 0.0
0.421875 0.5 0.0
0.42515 0.439988 0.0
0.405396 0.469005 0.0
0.371451 0.465258 0.0
0.439304 0.470856 0.0
0.293109 0.148016 0.0
0.258194 0.305041 0.0
0.262474 0.322741 0.0
0.274004 0.33822 0.0
0.265515 0.360836 0.0
0.23518 0.362475 0.0
0.257596 0.386312 0.0
0.245622 0.294086 0.0
0.258194 0.19496 0.0
0.262474 0.17726 0.0
0.274003 0.16178 0.0
0.265514 0.139165 0.0
0.252966 0.108927 0.0
0.235188 0.13753 0.0
0.280538 0.0874601 0.0
0.237827 0.0805642 0.0
0.245982 0.204927 0.0
0.231594 0.199638 0.0
0.225141 0.180874 0.0
0.216084 0.19448 0.0
0.204043 0.206346 0.0
0.207583 0.225247 0.0
0.188537 0.199683 0.0
0.169095 0.210438 0.0
0.182538 0.182439 0.0
0.196618 0.166168 0.0
0.171112 0.16509 0.0
0.148341 0.200946 0.0
0.141669 0.178229 0.0
0.234888 0.215506 0.0
0.236636 0.234682 0.0
0.223055 0.225478 0.0
0.204161 0.146968 0.0
0.191755 0.118888 0.0
0.236452 0.165699 0.0
0.164161 0.146879 0.0
0.150107 0.129981 0.0
0.128768 0.104314 0.0
0.127393 0.136053 0.0
0.17531 0.130273 0.0
0.11675 0.156037 0.0
0.0860561 0.169068 0.0
0 0.1875 0.0
0.0453653 0.189197 0.0
0.0421396 0.242411 0.0
0.31273 0.0919783 0.0
0.384979 0.230849 0.0
0.404075 0.242267 0.0
0.42112 0.259217 0.0
0.381219 0.251006 0.0
0.0993804 0.281437 0.0
0.0797102 0.314306 0.0
0 0.3125 0.0
0.0397874 0.31639 0.0
0.1703 0.230848 0.0
0.202769 0.0355721 0.0
0.234375 0 0.0
0.94694 0.0562009 0.0
1.03125 0 0.0
0.957479 0.125267 0.0
1.02359 0.079843 0.0
1.03557 0.168103 0.0
1.09204 0.239179 0.0
0.890625 0 0.0
0.124592 0.397467 0.0
0.12066 0.45219 0.0
0.0829457 0.394032 0.0
0 0.4375 0.0
0.0605735 0.449848 0.0
0.51165 0.429622 0.0
0.551983 0.42066 0.0
0.584679 0.395968 0.0
0.618083 0.371237 0.0
0.549421 0.379646 0.0
0.545059 0.34322 0.0
0.574372 0.314862 0.0
0.670652 0.0347154 0.0
0.703125 0 0.0
0.705161 0.0486779 0.0
0.0762655 0.21025 0.0
0.442704 0.263134 0.0
0.456781 0.245583 0.0
0.481702 0.248641 0.0
0.492694 0.276549 0.0
0.450701 0.2817 0.0
0.472812 0.288208 0.0
0.440318 0.297733 0.0
0.419062 0.299351 0.0
0.397418 0.289073 0.0
0.504545 0.0275273 0.0
0.474865 0.0290847 0.0
0.421875 0 0.0
0.0398741 0.391484 0.0
0.215799 0.0616302 0.0
0.73331 0.38097 0.0
0.984375 0 0.0
1.00781 0.0380398 0.0
1.05826 0.0428815 0.0
1.08838 0.105884 0.0
1.10628 0.172091 0.0
1.16857 0.187337 0.0
1.24569 0.203398 0.0
1.33307 0.257765 0.0
1.5 0.125 0.0
1.4126 0.186432 0.0
1.25606 0.284124 0.0
1.23658 0.123007 0.0
1.21875 0 0.0
1.30226 0.078612 0.0
1.07812 0 0.0
1.10156 0.0369001 0.0
1.17054 0.0548186 0.0
0.0375757 0.116314 0.0
0.984424 0.0707431 0.0
0.995867 0.110318 0.0
0.991495 0.155855 0.0
1.03994 0.122565 0.0
1.00224 0.202617 0.0
0.956688 0.226363 0.0
0.955032 0.283907 0.0
1.04472 0.226836 0.0
1.05385 0.288708 0.0
1.07214 0.148635 0.0
1.06989 0.188487 0.0
1.00365 0.302686 0.0
0.96963 0.354625 0.0
0.924988 0.388232 0.0
0.272025 0.0572124 0.0
0.290943 0.030913 0.0
0.325248 0.0343569 0.0
0.260482 0.0234882 0.0
0.182161 0.386592 0.0
0.195735 0.424426 0.0
0.164326 0.454879 0.0
0.140625 0.5 0.0
0.203119 0.463466 0.0
0.234375 0.5 0.0
0.201293 0.241241 0.0
0.524804 0.194324 0.0
0.535117 0.222553 0.0
0.545813 0.255954 0.0
0.501105 0.180422 0.0
0.20811 0.36287 0.0
0.555929 0.090834 0.0
0.576595 0.106078 0.0
0.350593 0.176833 0.0
0.335543 0.163782 0.0
0.338091 0.141126 0.0
0.361206 0.133923 0.0
0.31491 0.140068 0.0
0.305257 0.119657 0.0
0.292047 0.104211 0.0
0.272366 0.105404 0.0
0.259298 0.0886205 0.0
0.254622 0.0684434 0.0
0.265269 0.121495 0.0
0.248267 0.125833 0.0
0.231741 0.120515 0.0
0.211458 0.126823 0.0
0.236776 0.104504 0.0
0.225993 0.0920378 0.0
0.201762 0.0918396 0.0
0.177607 0.093156 0.0
0.164557 0.0730269 0.0
0.222281 0.0763697 0.0
0.233987 0.0638886 0.0
0.205233 0.0750719 0.0
0.199696 0.059846 0.0
0.179115 0.0513793 0.0
0.152512 0.0541611 0.0
0.143006 0.0353685 0.0
0.164062 0 0.0
0.153215 0.0174943 0.0
0.117188 0 0.0
0.105469 0.0201162 0.0
0.046875 0 0.0
0.0703125 0.0271251 0.0
0.0978894 0.0442482 0.0
0.0743676 0.0566589 0.0
0.13152 0.0183772 0.0
0.0680194 0.0813995 0.0
0.0430015 0.0903152 0.0
0 0.09375 0.0
0.0241156 0.0723651 0.0
0.172746 0.0174943 0.0
0.182447 0.0332117 0.0
0.190424 0.0174351 0.0
0.210938 0 0.0
0.222656 0.0214151 0.0
0.131991 0.0544462 0.0
0.119071 0.0716855 0.0
0.106083 0.0933011 0.0
0.152611 0.0912392 0.0
0.226427 0.0504033 0.0
0.232444 0.0348812 0.0
0.241654 0.0178971 0.0
0.257812 0 0.0
0.248452 0.0340806 0.0
0.265022 0.0407716 0.0
0.211899 0.0472936 0.0
0.216719 0.0341223 0.0
0.208463 0.0225244 0.0
0.280968 0.0436917 0.0
0.297011 0.0459323 0.0
0.314172 0.0475671 0.0
0.335337 0.0540641 0.0
0.320686 0.0640701 0.0
0.308226 0.0313337 0.0
0.304688 0 0.0
0.319625 0.0165871 0.0
0.299943 0.0164025 0.0
0.287683 0.0585836 0.0
0.293155 0.07526 0.0
0.351562 0 0.0
0.341399 0.0194714 0.0
0.275406 0.0290673 0.0
0.272754 0.0134129 0.0
0.278728 0.0707585 0.0
0.362429 0.0180605 0.0
0.391728 0.0282916 0.0
0.355611 0.0587084 0.0
0.363656 0.0784331 0.0
0.350119 0.0950497 0.0
0.375994 0.0549885 0.0
0.396966 0.0569413 0.0
0.405474 0.0762954 0.0
0.377846 0.0935215 0.0
0.384967 0.111831 0.0
0.309468 0.0759794 0.0
0.326219 0.0808959 0.0
0.330867 0.100303 0.0
0.344627 0.112825 0.0
0.422027 0.0661607 0.0
0.43541 0.0514931 0.0
0.452187 0.0395348 0.0
0.42901 0.0322209 0.0
0.439695 0.0736287 0.0
0.458828 0.0792755 0.0
0.473438 0.0646807 0.0
0.477609 0.0834654 0.0
0.410415 0.0298151 0.0
0.398438 0 0.0
0.421529 0.0169769 0.0
0.405615 0.01443 0.0
0.390349 0.0130233 0.0
0.377532 0.0218774 0.0
0.378791 0.0380079 0.0
0.445312 0 0.0
0.439823 0.0174573 0.0
0.457031 0.0132768 0.0
0.392608 0.0429344 0.0
0.109297 0.115552 0.0
0.0889079 0.122107 0.0
0.0828496 0.143074 0.0
0.0679197 0.12633 0.0
0.0561321 0.111069 0.0
0.0493633 0.131575 0.0
0.0314918 0.133196 0.0
0.0183903 0.118937 0.0
0.0256072 0.100251 0.0
0 0.15625 0.0
0.0419975 0.149697 0.0
0.0548116 0.168498 0.0
0.0207855 0.151607 0.0
0.0691211 0.187533 0.0
0.0930568 0.192487 0.0
0.0330918 0.169534 0.0
0.0226311 0.189726 0.0
0 0.21875 0.0
0.0345984 0.215249 0.0
0 0.140625 0.0
0.0127699 0.132812 0.0
0.133134 0.214358 0.0
0.133927 0.235073 0.0
0.120796 0.198523 0.0
0.113939 0.237106 0.0
0.0947663 0.227914 0.0
0.103918 0.255859 0.0
0.0872236 0.266089 0.0
0.0663084 0.258889 0.0
0.0643096 0.235857 0.0
0.0441384 0.265443 0.0
0.0227786 0.255694 0.0
0.0804514 0.283941 0.0
0.0680322 0.29883 0.0
0.0466838 0.295987 0.0
0.059843 0.317153 0.0
0.0921294 0.299418 0.0
0.100834 0.319302 0.0
0.117116 0.338914 0.0
0.0852132 0.338192 0.0
0.0847127 0.365368 0.0
0.111739 0.296873 0.0
0.121578 0.27633 0.0
0.0491486 0.334279 0.0
0.131299 0.296741 0.0
0.145012 0.313075 0.0
0.0602629 0.374939 0.0
0.0160066 0.234375 0.0
0.163853 0.306957 0.0
0.178539 0.294124 0.0
0.133757 0.355453 0.0
0.165121 0.282257 0.0
0.1486 0.274094 0.0
0.0275249 0.300878 0.0
0 0.34375 0.0
0.0377225 0.359251 0.0
0.0240019 0.336044 0.0
0 0.28125 0.0
0.0328484 0.281762 0.0
0.0217355 0.318057 0.0
0 0.328125 0.0
0.168474 0.324503 0.0
0.186297 0.332297 0.0
0.167839 0.342564 0.0
0.16702 0.362162 0.0
0.151719 0.351443 0.0
0.200484 0.344173 0.0
0.20351 0.326146 0.0
0.129201 0.376337 0.0
0.110939 0.383421 0.0
0.103025 0.404773 0.0
0.0793105 0.424967 0.0
0.121819 0.42477 0.0
0.0485153 0.421272 0.0
0.0298135 0.445995 0.0
0.046875 0.5 0.0
0 0.46875 0.0
0 0.40625 0.0
0.0905428 0.452921 0.0
0.143363 0.439415 0.0
0.0422057 0.471778 0.0
0.141888 0.463355 0.0
0.142855 0.390383 0.0
0.162433 0.387712 0.0
0.139395 0.408548 0.0
0.173158 0.402317 0.0
0.175014 0.423003 0.0
0.193878 0.40374 0.0
0.183999 0.443746 0.0
0.213125 0.412439 0.0
0.218359 0.438642 0.0
0.236373 0.40951 0.0
0.201781 0.385763 0.0
0.19131 0.370547 0.0
0.245262 0.42959 0.0
0.272556 0.444935 0.0
0.293213 0.469892 0.0
0.262629 0.474179 0.0
0.182603 0.464228 0.0
0.193496 0.480958 0.0
0.210938 0.5 0.0
0.222656 0.478388 0.0
0.0234375 0.5 0.0
0.133947 0.328588 0.0
0.199125 0.309945 0.0
0.113908 0.0527968 0.0
0.146256 0.423355 0.0
0.16077 0.43426 0.0
0.164062 0.5 0.0
0.164315 0.47744 0.0
0.139976 0.260322 0.0
0.145373 0.24568 0.0
0.160367 0.242517 0.0
0.17131 0.253844 0.0
0.184712 0.260319 0.0
0.16624 0.26762 0.0
0.194009 0.270055 0.0
0.191538 0.282508 0.0
0.204142 0.277705 0.0
0.219737 0.274293 0.0
0.214133 0.286159 0.0
0.211448 0.299211 0.0
0.224625 0.3017 0.0
0.229594 0.314938 0.0
0.24128 0.327992 0.0
0.238287 0.345243 0.0
0.220185 0.324432 0.0
0.229595 0.332955 0.0
0.250056 0.356261 0.0
0.248188 0.372701 0.0
0.238866 0.389201 0.0
0.227091 0.377208 0.0
0.233744 0.276092 0.0
0.244457 0.268698 0.0
0.245356 0.254603 0.0
0.233096 0.2481 0.0
0.220688 0.255231 0.0
0.224222 0.351603 0.0
0.0163315 0.287461 0.0
0 0.296875 0.0
0.0129174 0.304688 0.0
0 0.265625 0.0
0.0123181 0.273438 0.0
0.250199 0.141155 0.0
0.239773 0.151437 0.0
0.224669 0.148707 0.0
0.221826 0.135494 0.0
0.195344 0.252815 0.0
0.208199 0.252107 0.0
0.431479 0.166345 0.0
0.455802 0.167955 0.0
0.396347 0.124666 0.0
0.38021 0.12751 0.0
0.373984 0.140423 0.0
0.379547 0.157584 0.0
0.362613 0.146967 0.0
0.350928 0.141629 0.0
0.345041 0.127826 0.0
0.366907 0.158931 0.0
0.356146 0.120013 0.0
0.368617 0.122352 0.0
0.955288 0.0902641 0.0
0.925938 0.109671 0.0
0.882903 0.133515 0.0
0.926515 0.148194 0.0
0.956956 0.169402 0.0
0.896377 0.165608 0.0
0.882773 0.212334 0.0
0.189963 0.231428 0.0
0.286583 0.0127755 0.0
0.635274 0.189584 0.0
0.381323 0.302325 0.0
0.378828 0.32696 0.0
0.502569 0.15657 0.0
0.714015 0.150989 0.0
0.738424 0.133163 0.0
0.778454 0.143356 0.0
0.763505 0.118363 0.0
0.769184 0.0817717 0.0
0.790513 0.0434203 0.0
0.813862 0.149831 0.0
0.84476 0.126348 0.0
0.835466 0.0921921 0.0
0.803353 0.0804433 0.0
0.868214 0.101623 0.0
0.817931 0.181711 0.0
0.845662 0.198428 0.0
0.871332 0.182501 0.0
0.791281 0.169647 0.0
0.764437 0.183808 0.0
0.735065 0.19313 0.0
0.711134 0.213192 0.0
0.678605 0.203988 0.0
0.765956 0.211684 0.0
0.763517 0.239584 0.0
0.762319 0.267584 0.0
0.75896 0.296123 0.0
0.789438 0.226779 0.0
0.812494 0.242675 0.0
0.814252 0.213992 0.0
0.785969 0.282581 0.0
0.836083 0.257602 0.0
0.868016 0.274347 0.0
0.863251 0.318312 0.0
0.863138 0.244828 0.0
0.896101 0.298405 0.0
0.80898 0.298381 0.0
0.809986 0.332601 0.0
0.833348 0.314789 0.0
0.738423 0.25086 0.0
0.71366 0.262846 0.0
0.688683 0.275448 0.0
0.658342 0.28812 0.0
0.665453 0.259662 0.0
0.71176 0.290134 0.0
0.71102 0.317673 0.0
0.686919 0.330869 0.0
0.656161 0.342237 0.0
0.709565 0.346427 0.0
0.707244 0.373455 0.0
0.679538 0.390221 0.0
0.676439 0.436191 0.0
0.703125 0.5 0.0
0.713548 0.400555 0.0
0.667835 0.232082 0.0
0.664196 0.316682 0.0
0.739685 0.407165 0.0
0.766852 0.449837 0.0
0.761881 0.387891 0.0
0.768894 0.418384 0.0
0.810582 0.271391 0.0
0.733829 0.304506 0.0
0.759599 0.323725 0.0
0.754494 0.349714 0.0
0.782541 0.336958 0.0
0.746951 0.431879 0.0
0.727358 0.466885 0.0
0.63329 0.440096 0.0
0.609375 0.5 0.0
0.929611 0.307594 0.0
0.963926 0.318937 0.0
0.796875 0.5 0.0
0.820312 0.456126 0.0
0.696739 0.420191 0.0
0.702312 0.448139 0.0
0.675991 0.471148 0.0
0.938479 0.338343 0.0
0.643911 0.470377 0.0
0.609659 0.465388 0.0
0.575134 0.46778 0.0
0.716817 0.237794 0.0
0.65701 0.37151 0.0
0.919225 0.359905 0.0
0.882631 0.3821 0.0
0.843438 0.403677 0.0
0.945685 0.369271 0.0
0.972111 0.385578 0.0
1.02329 0.399447 0.0
1.00251 0.367566 0.0
1.01286 0.450864 0.0
0.89227 0.356728 0.0
0.864286 0.360614 0.0
0.996337 0.335007 0.0
0.984375 0.5 0.0
0.960938 0.460711 0.0
0.914233 0.459485 0.0
0.890625 0.5 0.0
0.845398 0.378047 0.0
0.81 0.376877 0.0
0.882119 0.334228 0.0
0.867188 0.464479 0.0
0.731777 0.357124 0.0
0.674598 0.412978 0.0
0.653793 0.426307 0.0
0.656871 0.450141 0.0
0.632389 0.416618 0.0
0.625415 0.393871 0.0
0.605941 0.412283 0.0
0.604695 0.388079 0.0
0.596876 0.368121 0.0
0.606746 0.336983 0.0
0.577462 0.376212 0.0
0.56173 0.363952 0.0
0.565153 0.391905 0.0
0.545847 0.400456 0.0
0.571149 0.412045 0.0
0.530754 0.416073 0.0
0.537095 0.438147 0.0
0.562533 0.444724 0.0
0.515625 0.5 0.0
0.514298 0.463956 0.0
0.544484 0.46956 0.0
0.563783 0.345233 0.0
0.581736 0.334461 0.0
0.556419 0.325634 0.0
0.552979 0.299553 0.0
0.532225 0.322468 0.0
0.596038 0.317904 0.0
0.587662 0.298885 0.0
0.615662 0.296843 0.0
0.569996 0.2824 0.0
0.578173 0.25349 0.0
0.543006 0.36194 0.0
0.525775 0.378199 0.0
0.528197 0.350844 0.0
0.516227 0.334671 0.0
0.49196 0.337262 0.0
0.513371 0.314337 0.0
0.507315 0.295691 0.0
0.520433 0.275141 0.0
0.548335 0.277928 0.0
0.488432 0.359128 0.0
0.949391 0.401852 0.0
0.92099 0.424067 0.0
0.948418 0.429869 0.0
0.799274 0.35374 0.0
0.995577 0.400349 0.0
0.998235 0.427654 0.0
1.02553 0.426668 0.0
1.05373 0.456847 0.0
1.05097 0.410872 0.0
1.08687 0.369248 0.0
1.14633 0.406664 0.0
1.04895 0.376526 0.0
1.21875 0.5 0.0
1.14679 0.455874 0.0
1.07812 0.5 0.0
1.09542 0.461756 0.0
1.19006 0.430866 0.0
1.25372 0.44497 0.0
1.29866 0.377787 0.0
1.5 0.375 0.0
1.40625 0.5 0.0
1.35996 0.432282 0.0
0.986091 0.451521 0.0
1.00009 0.476287 0.0
1.17188 0.5 0.0
1.07481 0.395142 0.0
1.10984 0.405431 0.0
1.12916 0.37436 0.0
1.17784 0.359809 0.0
1.22848 0.333884 0.0
1.17601 0.304747 0.0
1.12528 0.283164 0.0
1.02666 0.473711 0.0
1.05469 0.5 0.0
1.06641 0.478154 0.0
1.06312 0.347962 0.0
1.09637 0.334764 0.0
1.048 0.319976 0.0
1.07769 0.309353 0.0
1.08686 0.274675 0.0
1.10743 0.307063 0.0
1.13581 0.309644 0.0
1.15349 0.287281 0.0
1.14443 0.250638 0.0
1.15833 0.32706 0.0
1.1874 0.331931 0.0
1.20918 0.306832 0.0
1.20693 0.354207 0.0
1.23669 0.364182 0.0
1.27502 0.337535 0.0
1.26122 0.400393 0.0
1.30505 0.430686 0.0
1.32653 0.33435 0.0
1.36646 0.299185 0.0
1.3925 0.244023 0.0
1.3538 0.198215 0.0
1.37165 0.134692 0.0
1.43519 0.126475 0.0
1.40625 0 0.0
1.39546 0.0690186 0.0
1.5 0.0625 0.0
1.1792 0.277385 0.0
1.2181 0.267761 0.0
1.25096 0.243751 0.0
1.29775 0.217128 0.0
1.29056 0.259249 0.0
1.31308 0.294631 0.0
1.21494 0.228946 0.0
1.20831 0.189685 0.0
1.19071 0.150067 0.0
1.23915 0.163428 0.0
1.1958 0.106299 0.0
1.23862 0.0599155 0.0
1.27282 0.140992 0.0
1.30522 0.118147 0.0
1.34621 0.0951924 0.0
1.34056 0.0436294 0.0
1.26951 0.100948 0.0
1.27746 0.18011 0.0
1.44715 0.230794 0.0
1.5 0.1875 0.0
1.05955 0.256258 0.0
1.02936 0.267685 0.0
1.16281 0.221395 0.0
1.12422 0.217536 0.0
1.35938 0 0.0
1.1533 0.352243 0.0
1.15802 0.380504 0.0
1.18777 0.389159 0.0
1.45312 0 0.0
1.42969 0.0390169 0.0
1.43748 0.0824289 0.0
1.33642 0.134518 0.0
1.35389 0.163971 0.0
1.38742 0.164284 0.0
1.41844 0.1544 0.0
1.46284 0.162041 0.0
1.40283 0.126052 0.0
1.37933 0.101808 0.0
1.40935 0.0962158 0.0
1.38355 0.194069 0.0
1.40485 0.216031 0.0
1.37226 0.221869 0.0
1.34108 0.227171 0.0
1.36277 0.250855 0.0
1.38364 0.273569 0.0
1.42789 0.270732 0.0
1.40649 0.307462 0.0
1.42133 0.351195 0.0
1.39871 0.396992 0.0
1.324 0.202395 0.0
1.5 0.3125 0.0
1.45324 0.3101 0.0
1.42035 0.239595 0.0
1.43165 0.207231 0.0
1.46686 0.200947 0.0
1.44051 0.179989 0.0
1.5 0.21875 0.0
1.47576 0.234375 0.0
1.46786 0.273238 0.0
1.35294 0.275911 0.0
1.33957 0.29924 0.0
1.35307 0.324226 0.0
1.38197 0.323583 0.0
1.34804 0.35088 0.0
1.36052 0.388071 0.0
1.3222 0.362235 0.0
1.32745 0.395778 0.0
1.30132 0.344714 0.0
1.29482 0.316767 0.0
1.28452 0.289672 0.0
1.26563 0.310799 0.0
1.23762 0.305791 0.0
0.604483 0.254928 0.0
0.624773 0.242709 0.0
0.647498 0.242236 0.0
1.28305 0.359888 0.0
1.25929 0.355802 0.0
1.27569 0.38206 0.0
1.28882 0.407308 0.0
1.25192 0.333551 0.0
1.25336 0.379306 0.0
1.23968 0.396414 0.0
1.22041 0.421622 0.0
1.21574 0.46073 0.0
1.24631 0.420804 0.0
1.27146 0.426312 0.0
1.2846 0.456569 0.0
1.26562 0.5 0.0
1.32069 0.464063 0.0
1.35938 0.5 0.0
1.18081 0.464797 0.0
1.38281 0.466342 0.0
1.42267 0.463577 0.0
1.5 0.4375 0.0
1.45312 0.5 0.0
1.45119 0.394421 0.0
1.40059 0.43392 0.0
1.43772 0.429324 0.0
1.46295 0.460841 0.0
1.47037 0.421877 0.0
1.5 0.40625 0.0
0.862688 0.392259 0.0
0.862947 0.41463 0.0
0.839625 0.433318 0.0
0.863097 0.438714 0.0
0.884651 0.448499 0.0
0.891736 0.473774 0.0
0.914062 0.5 0.0
0.925781 0.479792 0.0
0.937598 0.459635 0.0
0.948664 0.480024 0.0
0.960938 0.5 0.0
0.972656 0.480355 0.0
0.881284 0.403506 0.0
0.902517 0.394097 0.0
0.847121 0.454458 0.0
0.848183 0.477432 0.0
0.867188 0.5 0.0
0.795016 0.47081 0.0
0.794929 0.441529 0.0
0.902142 0.435274 0.0
0.900763 0.414671 0.0
0.773438 0.5 0.0
0.761719 0.476025 0.0
0.91722 0.405712 0.0
0.934265 0.411776 0.0
0.820312 0.5 0.0
0.577102 0.0837618 0.0
0.582762 0.0632915 0.0
0.603832 0.0557867 0.0
0.630101 0.068931 0.0
0.599105 0.0333227 0.0
0.585938 0 0.0
0.574219 0.0198496 0.0
0.616 0.0202857 0.0
0.643606 0.0249872 0.0
0.632812 0 0.0
0.64957 0.0508671 0.0
0.652859 0.0739346 0.0
0.665993 0.0904178 0.0
0.68755 0.0919918 0.0
0.655635 0.106877 0.0
0.63835 0.116953 0.0
0.618552 0.106389 0.0
0.663067 0.124248 0.0
0.681829 0.127204 0.0
0.697776 0.135161 0.0
0.692407 0.112861 0.0
0.707136 0.103301 0.0
0.723059 0.110995 0.0
0.724025 0.0934715 0.0
0.726858 0.0676507 0.0
0.741586 0.0823322 0.0
0.723283 0.127249 0.0
0.726218 0.142074 0.0
0.727999 0.157321 0.0
0.728717 0.175781 0.0
0.715161 0.167064 0.0
0.69697 0.160282 0.0
0.740037 0.148188 0.0
0.758346 0.138624 0.0
0.763952 0.159893 0.0
0.678997 0.163802 0.0
0.681034 0.183917 0.0
0.663138 0.156056 0.0
0.648569 0.165254 0.0
0.649334 0.18147 0.0
0.664407 0.19216 0.0
0.649249 0.197561 0.0
0.662027 0.209452 0.0
0.63599 0.20456 0.0
0.625057 0.221855 0.0
0.618612 0.197886 0.0
0.598411 0.201623 0.0
0.585316 0.218998 0.0
0.713127 0.136963 0.0
0.745004 0.179657 0.0
0.751861 0.195118 0.0
0.741875 0.207545 0.0
0.725764 0.20634 0.0
0.71868 0.191473 0.0
0.724423 0.22252 0.0
0.704328 0.198657 0.0
0.693774 0.21246 0.0
0.701801 0.228305 0.0
0.684477 0.227125 0.0
0.731806 0.235728 0.0
0.747645 0.23779 0.0
0.757132 0.224969 0.0
0.773243 0.226633 0.0
0.754064 0.252107 0.0
0.745155 0.265143 0.0
0.729419 0.263831 0.0
0.720686 0.276986 0.0
0.70502 0.275954 0.0
0.697811 0.261801 0.0
0.681683 0.26089 0.0
0.672511 0.274262 0.0
0.679556 0.289049 0.0
0.674849 0.246443 0.0
0.76941 0.253862 0.0
0.777756 0.266869 0.0
0.770657 0.280583 0.0
0.776445 0.295897 0.0
0.793069 0.268867 0.0
0.803397 0.256228 0.0
0.819722 0.257355 0.0
0.778808 0.241628 0.0
0.755346 0.281231 0.0
0.744008 0.291867 0.0
0.696448 0.288721 0.0
0.702875 0.302749 0.0
0.695724 0.316336 0.0
0.680425 0.317 0.0
0.702218 0.330205 0.0
0.717948 0.331895 0.0
0.727055 0.318877 0.0
0.743819 0.317998 0.0
0.71817 0.304086 0.0
0.767875 0.309409 0.0
0.672556 0.304312 0.0
0.657531 0.303167 0.0
0.637422 0.294538 0.0
0.648814 0.315867 0.0
0.643634 0.331519 0.0
0.635137 0.35413 0.0
0.625322 0.335139 0.0
0.614812 0.319501 0.0
0.672064 0.32937 0.0
0.678095 0.343958 0.0
0.667433 0.357642 0.0
0.675557 0.373162 0.0
0.693819 0.34533 0.0
0.700305 0.359501 0.0
0.691442 0.372611 0.0
0.698448 0.389785 0.0
0.715666 0.360565 0.0
0.793817 0.241143 0.0
0.80412 0.230153 0.0
0.819801 0.228728 0.0
0.799626 0.216079 0.0
0.785265 0.212606 0.0
0.776143 0.20098 0.0
0.781311 0.184881 0.0
0.805131 0.20237 0.0
0.821997 0.198525 0.0
0.80153 0.185844 0.0
0.83176 0.213086 0.0
0.84982 0.216293 0.0
0.864979 0.203348 0.0
0.827849 0.241832 0.0
0.843033 0.243938 0.0
0.852511 0.257359 0.0
0.844516 0.272333 0.0
0.854688 0.291757 0.0
0.852913 0.231708 0.0
0.871547 0.22773 0.0
0.897718 0.235022 0.0
0.929147 0.243932 0.0
0.910273 0.210486 0.0
0.706123 0.248854 0.0
0.72747 0.290645 0.0
0.792196 0.2971 0.0
0.799575 0.311009 0.0
0.816372 0.313702 0.0
0.801601 0.284472 0.0
0.791278 0.324128 0.0
0.825771 0.300009 0.0
0.81683 0.285305 0.0
0.825344 0.273122 0.0
0.841735 0.301158 0.0
0.833781 0.186777 0.0
0.849845 0.18228 0.0
0.830186 0.170695 0.0
0.833149 0.151559 0.0
0.854098 0.145927 0.0
0.825128 0.132585 0.0
0.829449 0.112172 0.0
0.814806 0.16591 0.0
0.774957 0.323054 0.0
0.881347 0.243166 0.0
0.767828 0.335962 0.0
0.774347 0.348844 0.0
0.875577 0.293943 0.0
0.889644 0.278672 0.0
0.912189 0.282218 0.0
0.617536 0.351195 0.0
0.657118 0.272697 0.0
0.644845 0.28143 0.0
0.624742 0.278701 0.0
0.936451 0.209743 0.0
0.96311 0.197912 0.0
0.866291 0.162529 0.0
0.848514 0.314725 0.0
0.850964 0.336729 0.0
0.882262 0.312626 0.0
0.848456 0.107 0.0
0.862526 0.119714 0.0
0.880329 0.115372 0.0
0.904223 0.121236 0.0
0.885598 0.0985168 0.0
0.873978 0.0713856 0.0
0.906877 0.0465827 0.0
0.873849 0.0369935 0.0
0.901989 0.104074 0.0
0.917296 0.0926132 0.0
0.914497 0.0690524 0.0
0.936428 0.0936376 0.0
0.942871 0.0752526 0.0
0.963285 0.0696522 0.0
0.974914 0.0388665 0.0
0.945044 0.110723 0.0
0.934466 0.128809 0.0
0.948899 0.146052 0.0
0.971936 0.143397 0.0
0.963767 0.107303 0.0
0.978526 0.122552 0.0
0.976459 0.0903586 0.0
0.999327 0.133629 0.0
1.01628 0.152096 0.0
0.998833 0.0880189 0.0
1.00735 0.176827 0.0
1.02823 0.194367 0.0
1.01711 0.101797 0.0
1.04212 0.0972412 0.0
1.0502 0.0700651 0.0
1.0834 0.0651199 0.0
1.12866 0.0743031 0.0
1.06333 0.111817 0.0
1.07077 0.0873523 0.0
0.981624 0.179801 0.0
0.854144 0.088909 0.0
1.0058 0.0675595 0.0
1.02813 0.0542513 0.0
1.033 0.0273159 0.0
1.05469 0 0.0
1.06641 0.0206134 0.0
0.992534 0.0518277 0.0
0.801589 0.158619 0.0
0.797399 0.139805 0.0
0.784411 0.122826 0.0
0.777956 0.101869 0.0
0.787103 0.155411 0.0
0.777156 0.166061 0.0
0.842213 0.0758053 0.0
0.820636 0.0601351 0.0
0.832508 0.0301887 0.0
0.824171 0.0779589 0.0
0.815918 0.0961074 0.0
0.796876 0.0985862 0.0
0.900392 0.316425 0.0
0.917421 0.320017 0.0
0.912781 0.303272 0.0
0.840982 0.326702 0.0
0.825243 0.328385 0.0
0.821723 0.345361 0.0
0.821663 0.363277 0.0
0.827609 0.380177 0.0
0.815288 0.397285 0.0
0.820771 0.419816 0.0
0.837602 0.34005 0.0
0.796255 0.391328 0.0
0.781444 0.403713 0.0
0.764817 0.358321 0.0
0.747934 0.368074 0.0
0.766444 0.373413 0.0
0.779481 0.385479 0.0
0.792794 0.374275 0.0
0.873546 0.258271 0.0
1.07966 0.0380873 0.0
1.10156 0 0.0
1.08959 0.0186121 0.0
1.11328 0.01845 0.0
1.17188 0 0.0
1.14777 0.0274093 0.0
1.1262 0.0395992 0.0
1.14699 0.0512187 0.0
1.15517 0.0765324 0.0
1.18359 0.0803526 0.0
1.20488 0.0533681 0.0
1.13979 0.100694 0.0
1.11709 0.13305 0.0
1.21355 0.0820984 0.0
1.11171 0.0580688 0.0
1.10347 0.0836455 0.0
1.11431 0.107236 0.0
1.14324 0.1598 0.0
0.922805 0.264022 0.0
0.947131 0.260655 0.0
0.976055 0.263795 0.0
0.933631 0.282533 0.0
0.903088 0.143915 0.0
0.922775 0.335126 0.0
0.933409 0.323152 0.0
0.94735 0.311505 0.0
0.962126 0.30075 0.0
0.982598 0.307906 0.0
0.976143 0.284931 0.0
0.997712 0.274273 0.0
0.948179 0.326664 0.0
0.955903 0.342948 0.0
0.973955 0.335634 0.0
1.16643 0.100409 0.0
1.22681 0.0305805 0.0
1.26562 0 0.0
1.26088 0.0339049 0.0
1.27153 0.0655486 0.0
1.30061 0.0381477 0.0
0.858653 0.305137 0.0
0.754293 0.336179 0.0
0.74283 0.343118 0.0
0.723938 0.250416 0.0
0.721354 0.373478 0.0
0.714279 0.386102 0.0
0.726609 0.393971 0.0
0.725543 0.408103 0.0
0.71259 0.415383 0.0
0.733412 0.419661 0.0
0.74075 0.393033 0.0
0.753912 0.401131 0.0
0.75221 0.416908 0.0
0.73364 0.43302 0.0
0.741978 0.452082 0.0
0.72025 0.445291 0.0
0.746484 0.38117 0.0
0.701459 0.407219 0.0
0.68793 0.409641 0.0
0.70787 0.428355 0.0
0.694281 0.435211 0.0
0.686104 0.449249 0.0
0.695451 0.46685 0.0
0.679688 0.5 0.0
0.689065 0.484136 0.0
0.708166 0.48137 0.0
0.726562 0.5 0.0
0.601234 0.352369 0.0
0.857761 0.0711897 0.0
0.866075 0.054219 0.0
0.852498 0.0377252 0.0
0.887309 0.054847 0.0
0.867188 0 0.0
0.862576 0.0199269 0.0
0.882865 0.0187817 0.0
0.930656 0.035784 0.0
0.892383 0.0348316 0.0
1.03814 0.145371 0.0
0.651347 0.259824 0.0
0.758272 0.0984977 0.0
0.724755 0.344568 0.0
0.796643 0.337171 0.0
1.0215 0.218211 0.0
1.0256 0.242753 0.0
0.998769 0.226589 0.0
0.980879 0.241203 0.0
0.977768 0.219138 0.0
0.895124 0.190587 0.0
0.786405 0.0846204 0.0
0.781088 0.0632852 0.0
0.768495 0.0451415 0.0
0.750862 0.0260064 0.0
0.726562 0 0.0
0.714844 0.0238913 0.0
0.690694 0.0209172 0.0
0.679688 0 0.0
0.658278 0.249092 0.0
1.05402 0.15868 0.0
1.05256 0.178587 0.0
1.05058 0.202173 0.0
1.07515 0.216375 0.0
1.09606 0.197992 0.0
1.07135 0.16858 0.0
1.08992 0.159323 0.0
1.09253 0.134837 0.0
1.08786 0.1798 0.0
1.10895 0.151812 0.0
1.12416 0.164126 0.0
1.13971 0.188465 0.0
1.12176 0.182793 0.0
1.13018 0.146416 0.0
1.13611 0.127521 0.0
1.14833 0.141761 0.0
1.16737 0.156871 0.0
1.16597 0.139093 0.0
1.17772 0.119888 0.0
1.19856 0.1288 0.0
1.21739 0.147833 0.0
1.21595 0.115249 0.0
1.23449 0.0972481 0.0
1.12621 0.199936 0.0
1.14551 0.208965 0.0
1.14368 0.229768 0.0
1.12308 0.240957 0.0
1.11061 0.207086 0.0
1.10672 0.226251 0.0
1.0961 0.214115 0.0
1.18429 0.171466 0.0
1.20549 0.166164 0.0
1.12644 0.261942 0.0
1.10674 0.254333 0.0
1.14414 0.27015 0.0
1.16348 0.260681 0.0
1.16464 0.241013 0.0
1.18159 0.229542 0.0
1.18029 0.206831 0.0
1.19844 0.239298 0.0
1.19994 0.259285 0.0
1.20078 0.281182 0.0
1.21545 0.248077 0.0
1.23437 0.255548 0.0
1.23704 0.276048 0.0
1.22031 0.288499 0.0
1.2534 0.263952 0.0
1.27324 0.271591 0.0
1.27119 0.250391 0.0
1.26939 0.22172 0.0
1.28889 0.23729 0.0
1.31582 0.237091 0.0
1.1981 0.220446 0.0
1.21454 0.208824 0.0
1.23228 0.218537 0.0
1.22798 0.193871 0.0
1.24528 0.182945 0.0
1.26014 0.167559 0.0
1.25311 0.147893 0.0
1.25699 0.12738 0.0
1.27666 0.120516 0.0
1.29216 0.134021 0.0
1.28876 0.154897 0.0
1.31231 0.137287 0.0
1.28972 0.104651 0.0
1.30917 0.0979723 0.0
1.32651 0.0808696 0.0
1.32825 0.112174 0.0
1.35046 0.0686346 0.0
1.37316 0.0451786 0.0
1.31643 0.0577707 0.0
1.28282 0.0852949 0.0
1.29705 0.173747 0.0
1.3203 0.178876 0.0
1.29329 0.195504 0.0
1.26237 0.192829 0.0
1.25027 0.108934 0.0
1.25311 0.0886025 0.0
1.33195 0.159834 0.0
1.22147 0.176178 0.0
1.23032 0.238107 0.0
1.34979 0.116966 0.0
1.25073 0.221373 0.0
1.23717 0.0786498 0.0
1.25335 0.07048 0.0
1.25555 0.0518694 0.0
1.27326 0.0473542 0.0
1.29218 0.0583273 0.0
1.28169 0.0271746 0.0
1.24324 0.0384403 0.0
1.24219 0 0.0
1.24767 0.0190845 0.0
1.32559 0.0224175 0.0
1.28906 0 0.0
1.29993 0.0175332 0.0
1.34934 0.0215456 0.0
1.40054 0.033967 0.0
1.33594 0 0.0
1.38281 0 0.0
1.37109 0.0185655 0.0
1.22358 0.0681733 0.0
1.22313 0.049528 0.0
1.21104 0.0373512 0.0
1.2129 0.0199339 0.0
1.19371 0.0398783 0.0
1.17206 0.0287605 0.0
1.19531 0 0.0
1.1878 0.0561458 0.0
1.19891 0.070544 0.0
1.22867 0.0137377 0.0
1.05626 0.135326 0.0
1.07433 0.1299 0.0
0.658571 0.328954 0.0
0.800762 0.0604516 0.0
0.810424 0.0430383 0.0
0.800076 0.0227483 0.0
0.820312 0 0.0
0.600213 0.0977284 0.0
0.616887 0.0861668 0.0
0.767858 0.400506 0.0
0.913793 0.346483 0.0
0.928046 0.348525 0.0
0.943144 0.353559 0.0
0.900221 0.345701 0.0
0.905775 0.358085 0.0
0.910131 0.376505 0.0
0.897788 0.369699 0.0
0.883754 0.36801 0.0
0.877712 0.354594 0.0
0.86512 0.344491 0.0
0.870328 0.37403 0.0
0.851898 0.35189 0.0
0.845834 0.364269 0.0
0.856858 0.371515 0.0
0.671496 0.449956 0.0
0.664341 0.462547 0.0
0.659705 0.481018 0.0
0.632812 0.5 0.0
0.956169 0.359514 0.0
0.960555 0.374739 0.0
0.976165 0.369677 0.0
0.990389 0.381771 0.0
0.988281 0.355472 0.0
1.00945 0.385757 0.0
1.02542 0.369243 0.0
0.948161 0.38549 0.0
1.00499 0.350231 0.0
1.0163 0.333732 0.0
0.636234 0.175008 0.0
0.619927 0.172477 0.0
0.605162 0.167744 0.0
0.591604 0.17746 0.0
0.59178 0.161277 0.0
0.58995 0.146535 0.0
0.602894 0.134977 0.0
0.576532 0.152761 0.0
0.563802 0.161707 0.0
0.548892 0.1676 0.0
0.565854 0.177607 0.0
0.536026 0.177344 0.0
0.564456 0.14432 0.0
0.55055 0.1353 0.0
0.537976 0.123657 0.0
0.541658 0.104349 0.0
0.565536 0.129373 0.0
0.579958 0.121947 0.0
0.56336 0.193104 0.0
0.545111 0.20387 0.0
0.565657 0.209748 0.0
0.537312 0.15733 0.0
0.523477 0.150749 0.0
0.510097 0.141069 0.0
0.513224 0.125078 0.0
0.52507 0.115122 0.0
0.523871 0.0984703 0.0
0.512857 0.0863602 0.0
0.50889 0.0656512 0.0
0.499108 0.118898 0.0
0.496203 0.103522 0.0
0.484341 0.123045 0.0
0.478617 0.139764 0.0
0.461845 0.147818 0.0
0.470323 0.118127 0.0
0.454785 0.114315 0.0
0.444088 0.12696 0.0
0.467034 0.103652 0.0
0.552308 0.217561 0.0
0.548437 0.236326 0.0
0.528633 0.242151 0.0
0.511555 0.233634 0.0
0.491022 0.229984 0.0
0.486169 0.210115 0.0
0.616148 0.158867 0.0
0.616022 0.143886 0.0
0.630844 0.146118 0.0
0.640411 0.134301 0.0
0.642799 0.152822 0.0
0.563985 0.243731 0.0
0.579784 0.235954 0.0
0.56248 0.261112 0.0
0.567607 0.116084 0.0
0.558085 0.105162 0.0
0.567797 0.0963747 0.0
0.930749 0.062703 0.0
0.927389 0.0780777 0.0
0.735248 0.118956 0.0
0.749473 0.123235 0.0
0.786357 0.353602 0.0
0.874602 0.0871727 0.0
0.886755 0.0787866 0.0
0.900042 0.0722564 0.0
0.904862 0.0597929 0.0
0.918495 0.0551137 0.0
0.930608 0.0492439 0.0
0.943103 0.0425586 0.0
0.947105 0.0203836 0.0
0.959541 0.0452962 0.0
0.960938 0 0.0
0.972925 0.0557045 0.0
0.961628 0.028694 0.0
0.979317 0.0193536 0.0
1.00781 0 0.0
0.919155 0.0420388 0.0
0.908795 0.0329056 0.0
0.920639 0.0274064 0.0
0.914062 0 0.0
0.908108 0.0159212 0.0
0.933442 0.0222754 0.0
0.922301 0.0130142 0.0
0.521901 0.180207 0.0
0.511406 0.170946 0.0
0.511599 0.189683 0.0
0.496199 0.196557 0.0
0.514086 0.203715 0.0
0.520957 0.217202 0.0
0.532163 0.208958 0.0
0.996094 0.0134002 0.0
1.0153 0.0183681 0.0
0.9926 0.0301686 0.0
1.02226 0.132645 0.0
0.643993 0.487298 0.0
0.623918 0.4809 0.0
0.748362 0.304965 0.0
0.468107 0.208403 0.0
0.457941 0.193107 0.0
0.752924 0.110529 0.0
0.93292 0.363274 0.0
0.934083 0.377383 0.0
0.591782 0.245898 0.0
0.590986 0.260466 0.0
0.578005 0.269054 0.0
0.602065 0.268249 0.0
0.617677 0.264203 0.0
0.609375 0.282214 0.0
0.601402 0.294305 0.0
0.60635 0.307838 0.0
0.941331 0.296621 0.0
0.48543 0.0948629 0.0
0.652145 0.357002 0.0
0.641429 0.368666 0.0
0.646736 0.383697 0.0
0.662545 0.389935 0.0
0.632083 0.380418 0.0
0.751964 0.154102 0.0
1.33992 0.177799 0.0
1.35702 0.181101 0.0
1.3706 0.169767 0.0
1.36736 0.152117 0.0
1.35401 0.139592 0.0
1.38418 0.147014 0.0
1.40085 0.152821 0.0
1.40431 0.170471 0.0
1.42174 0.171551 0.0
1.43846 0.159449 0.0
1.45271 0.141389 0.0
1.46716 0.106673 0.0
1.5 0.15625 0.0
1.47866 0.141466 0.0
1.38746 0.131149 0.0
1.39048 0.114516 0.0
1.37384 0.117866 0.0
1.36228 0.10495 0.0
1.3671 0.0832995 0.0
1.41086 0.140104 0.0
1.42714 0.140629 0.0
1.41902 0.126127 0.0
1.42752 0.106862 0.0
1.41099 0.112203 0.0
1.44736 0.11041 0.0
1.45419 0.0922621 0.0
1.45971 0.0637536 0.0
1.5 0.09375 0.0
1.47737 0.0844355 0.0
1.46021 0.124144 0.0
1.47976 0.121808 0.0
1.39448 0.0997602 0.0
1.38476 0.0849286 0.0
1.37738 0.0684133 0.0
1.39909 0.0861381 0.0
1.41763 0.0775246 0.0
1.43225 0.0609614 0.0
1.4124 0.0521604 0.0
1.38689 0.0546868 0.0
1.44744 0.048064 0.0
1.44861 0.0238339 0.0
1.42969 0 0.0
1.41797 0.019434 0.0
1.39126 0.179928 0.0
1.39886 0.193248 0.0
1.39193 0.207249 0.0
1.38957 0.224614 0.0
1.41178 0.202031 0.0
1.37689 0.207558 0.0
1.36852 0.195042 0.0
1.36218 0.210702 0.0
1.34641 0.212238 0.0
1.35686 0.225635 0.0
1.35034 0.240467 0.0
1.33432 0.241748 0.0
1.36766 0.236408 0.0
1.37773 0.247862 0.0
1.37288 0.262509 0.0
1.36851 0.277528 0.0
1.37973 0.289512 0.0
1.40125 0.286345 0.0
1.40427 0.263653 0.0
1.38194 0.306476 0.0
1.42261 0.292255 0.0
1.42948 0.315679 0.0
1.44736 0.338473 0.0
1.44637 0.286676 0.0
1.47025 0.361681 0.0
1.5 0.34375 0.0
1.38849 0.258922 0.0
1.47486 0.329371 0.0
1.41132 0.330207 0.0
1.39822 0.349337 0.0
1.38899 0.373263 0.0
1.4149 0.376502 0.0
1.42522 0.401296 0.0
1.44086 0.369628 0.0
1.33875 0.199239 0.0
1.33165 0.215394 0.0
1.31472 0.216613 0.0
1.30795 0.202059 0.0
1.30611 0.186515 0.0
1.34823 0.25563 0.0
1.36844 0.315053 0.0
1.36768 0.331249 0.0
1.35426 0.308764 0.0
1.33953 0.315399 0.0
1.32452 0.307283 0.0
1.40397 0.232367 0.0
1.3271 0.2287 0.0
1.37528 0.182875 0.0
1.30897 0.309845 0.0
1.30916 0.328161 0.0
1.29767 0.298638 0.0
1.30096 0.279675 0.0
1.32156 0.275377 0.0
1.28325 0.305659 0.0
1.27908 0.321582 0.0
1.29099 0.332387 0.0
1.31284 0.257111 0.0
1.27106 0.296652 0.0
1.25629 0.299094 0.0
1.24314 0.291808 0.0
1.25077 0.313077 0.0
1.23761 0.321319 0.0
1.22097 0.318833 0.0
1.20861 0.334401 0.0
1.40726 0.247085 0.0
1.42101 0.255917 0.0
1.44437 0.254067 0.0
1.41916 0.214397 0.0
1.43265 0.223451 0.0
1.44631 0.214464 0.0
1.46281 0.221805 0.0
1.4459 0.196807 0.0
1.45948 0.183177 0.0
1.48105 0.215963 0.0
1.47976 0.185178 0.0
1.42427 0.194865 0.0
1.35301 0.294608 0.0
1.34228 0.285294 0.0
1.32758 0.289676 0.0
1.33918 0.271024 0.0
1.32896 0.189563 0.0
1.26503 0.326502 0.0
1.5 0.203125 0.0
1.38056 0.338116 0.0
1.39544 0.332217 0.0
1.39545 0.317376 0.0
1.28708 0.346155 0.0
1.35523 0.338436 0.0
1.34132 0.333285 0.0
1.3348 0.345855 0.0
1.32017 0.34764 0.0
1.33683 0.36045 0.0
1.35424 0.369488 0.0
1.33155 0.377956 0.0
1.30912 0.356621 0.0
1.31085 0.370645 0.0
1.31257 0.387558 0.0
1.31039 0.409086 0.0
1.33442 0.422304 0.0
1.29774 0.393881 0.0
1.36162 0.350429 0.0
1.36723 0.363561 0.0
1.34356 0.390098 0.0
1.35455 0.410105 0.0
1.38021 0.41559 0.0
1.2959 0.356777 0.0
1.33946 0.447097 0.0
1.3471 0.474419 0.0
1.36129 0.455718 0.0
1.37988 0.442912 0.0
1.38024 0.363645 0.0
1.37364 0.378442 0.0
1.37714 0.396977 0.0
1.39281 0.360994 0.0
1.40888 0.361367 0.0
1.33982 0.405175 0.0
1.32618 0.41029 0.0
1.31903 0.424025 0.0
1.3199 0.443835 0.0
1.30383 0.454594 0.0
1.27295 0.477341 0.0
1.28906 0.5 0.0
1.30144 0.47858 0.0
1.28345 0.394064 0.0
1.27465 0.405348 0.0
1.26368 0.414404 0.0
1.25825 0.426445 0.0
1.26497 0.437906 0.0
1.26768 0.454712 0.0
1.28189 0.439762 0.0
1.25117 0.463498 0.0
1.23426 0.45173 0.0
1.28815 0.424132 0.0
1.24755 0.433643 0.0
1.23359 0.42851 0.0
1.21891 0.440556 0.0
1.23311 0.413371 0.0
1.21917 0.405802 0.0
1.20185 0.415125 0.0
1.17932 0.410539 0.0
1.16219 0.432589 0.0
1.20394 0.398264 0.0
1.2035 0.380143 0.0
1.2198 0.37154 0.0
1.20036 0.447981 0.0
1.13506 0.431375 0.0
1.12048 0.453408 0.0
1.10085 0.436267 0.0
1.13165 0.475841 0.0
1.10156 0.5 0.0
1.18867 0.372499 0.0
1.17428 0.38008 0.0
1.16659 0.397 0.0
1.16221 0.41388 0.0
1.14865 0.422645 0.0
1.13507 0.416453 0.0
1.12838 0.397384 0.0
1.11679 0.423906 0.0
1.11212 0.385309 0.0
1.10919 0.362027 0.0
1.09433 0.393483 0.0
1.09251 0.411889 0.0
1.14844 0.5 0.0
1.16016 0.478293 0.0
1.23384 0.380701 0.0
1.08984 0.482267 0.0
1.11041 0.476841 0.0
1.25191 0.409247 0.0
1.14839 0.437189 0.0
1.15952 0.447558 0.0
1.17682 0.442928 0.0
1.16047 0.462912 0.0
1.13679 0.445602 0.0
1.12406 0.439933 0.0
1.13322 0.459077 0.0
1.12228 0.466507 0.0
1.10929 0.461618 0.0
1.10791 0.447999 0.0
1.0943 0.448194 0.0
1.07489 0.456619 0.0
1.0861 0.435927 0.0
1.06739 0.439174 0.0
1.04544 0.436327 0.0
1.14258 0.46841 0.0
1.14529 0.484159 0.0
1.0334 0.453125 0.0
1.16583 0.368149 0.0
1.15067 0.367208 0.0
1.13526 0.356789 0.0
1.14302 0.380119 0.0
1.1502 0.392702 0.0
1.09373 0.425088 0.0
1.10445 0.417444 0.0
1.19862 0.465733 0.0
1.19531 0.5 0.0
1.2123 0.480744 0.0
1.18883 0.482081 0.0
1.19261 0.358171 0.0
1.19634 0.343794 0.0
1.18167 0.345545 0.0
1.17219 0.333542 0.0
1.17842 0.319718 0.0
1.19525 0.316744 0.0
1.19303 0.298882 0.0
1.16761 0.349413 0.0
1.16501 0.31419 0.0
1.15 0.314568 0.0
1.16201 0.299555 0.0
1.13864 0.324403 0.0
1.11895 0.323087 0.0
1.14698 0.336883 0.0
1.147 0.300318 0.0
1.13895 0.288179 0.0
1.12778 0.297506 0.0
1.11309 0.292672 0.0
1.09341 0.293244 0.0
1.10817 0.273792 0.0
1.07377 0.289726 0.0
1.1733 0.290566 0.0
1.16505 0.278968 0.0
1.1138 0.34079 0.0
1.12223 0.309906 0.0
1.06872 0.272115 0.0
1.07971 0.255173 0.0
1.06861 0.236811 0.0
1.05141 0.271553 0.0
1.04259 0.257046 0.0
1.03818 0.282192 0.0
1.01669 0.285318 0.0
1.03908 0.302125 0.0
1.02854 0.318541 0.0
1.05041 0.242417 0.0
1.0214 0.302362 0.0
1.01277 0.315837 0.0
0.996175 0.317605 0.0
0.982097 0.322961 0.0
1.20272 0.366845 0.0
1.38698 0.0398916 0.0
1.38761 0.0228456 0.0
1.37588 0.0315804 0.0
1.35929 0.0353359 0.0
1.35743 0.0526609 0.0
1.4025 0.0186029 0.0
1.18588 0.288282 0.0
1.35897 0.263819 0.0
1.43456 0.237664 0.0
1.5 0.03125 0.0
1.47265 0.0409793 0.0
1.47656 0 0.0
1.38096 0.234866 0.0
1.10989 0.192051 0.0
1.392 0.00999825 0.0
0.589975 0.133536 0.0
1.22297 0.355744 0.0
1.23734 0.347745 0.0
0.53907 0.19112 0.0
1.06154 0.423655 0.0
1.06972 0.410115 0.0
1.05986 0.398404 0.0
1.04145 0.394692 0.0
1.06424 0.382562 0.0
1.06221 0.365309 0.0
1.04524 0.35869 0.0
1.04735 0.341938 0.0
1.06044 0.331333 0.0
1.07802 0.337024 0.0
1.0891 0.351311 0.0
1.06324 0.315771 0.0
1.06558 0.301566 0.0
1.05254 0.306712 0.0
1.03544 0.332254 0.0
1.0752 0.32322 0.0
1.09126 0.318949 0.0
1.07865 0.381177 0.0
1.09136 0.381132 0.0
1.09981 0.371148 0.0
1.07512 0.357289 0.0
1.19827 0.0864097 0.0
1.20977 0.0979326 0.0
1.18613 0.0950027 0.0
1.17405 0.0895553 0.0
1.16977 0.0755656 0.0
1.1609 0.0884254 0.0
1.14654 0.0880122 0.0
1.13202 0.088427 0.0
1.11804 0.0842945 0.0
1.11128 0.0720479 0.0
1.09831 0.0646589 0.0
1.09041 0.0503773 0.0
1.09122 0.0767761 0.0
1.09104 0.0914506 0.0
1.10164 0.100863 0.0
1.10073 0.118462 0.0
1.12621 0.100699 0.0
1.12673 0.115744 0.0
1.1531 0.0996386 0.0
1.14745 0.112801 0.0
1.14191 0.0755426 0.0
1.13652 0.0617229 0.0
1.16064 0.11228 0.0
1.18036 0.0673231 0.0
1.07836 0.0769599 0.0
1.06639 0.0648751 0.0
1.16173 0.0648788 0.0
1.07568 0.0524117 0.0
1.18272 0.107713 0.0
0.713317 0.45954 0.0
1.5 0.171875 0.0
1.48219 0.164062 0.0
1.48885 0.195312 0.0
1.07941 0.0967722 0.0
1.07593 0.109169 0.0
1.08554 0.120341 0.0
1.06693 0.0995488 0.0
1.05538 0.0892158 0.0
1.05415 0.102459 0.0
1.05066 0.115069 0.0
1.03895 0.109724 0.0
1.0252 0.117253 0.0
1.01033 0.122391 0.0
1.02984 0.100767 0.0
1.03294 0.0884428 0.0
1.03684 0.0748114 0.0
1.03964 0.0615013 0.0
1.0419 0.0451456 0.0
1.05281 0.0560513 0.0
1.04826 0.0308318 0.0
1.04413 0.0138837 0.0
1.02634 0.0671335 0.0
1.0159 0.0591227 0.0
1.01787 0.0462751 0.0
1.02047 0.0328385 0.0
1.00562 0.050977 0.0
0.773438 0 0.0
0.778004 0.0250858 0.0
0.684825 0.425952 0.0
0.66236 0.404705 0.0
0.651428 0.412869 0.0
0.888182 0.256263 0.0
0.899348 0.248515 0.0
0.913288 0.239986 0.0
0.925375 0.225251 0.0
0.909335 0.225486 0.0
0.896911 0.217179 0.0
0.88586 0.226376 0.0
0.898524 0.203714 0.0
0.910301 0.19366 0.0
0.910145 0.176256 0.0
0.927467 0.167555 0.0
0.912389 0.159129 0.0
0.923208 0.201974 0.0
0.941499 0.179866 0.0
0.936174 0.195044 0.0
0.949038 0.202154 0.0
0.95971 0.212095 0.0
0.952606 0.188528 0.0
0.966821 0.183187 0.0
0.976987 0.193579 0.0
0.99215 0.191013 0.0
0.986855 0.205808 0.0
0.971466 0.169441 0.0
0.964246 0.156284 0.0
0.886204 0.199901 0.0
0.882823 0.187735 0.0
0.882817 0.172517 0.0
0.882291 0.154722 0.0
0.9734 0.20648 0.0
0.97789 0.157356 0.0
0.9859 0.167556 0.0
0.999024 0.166643 0.0
1.012 0.164528 0.0
1.0224 0.175483 0.0
1.02446 0.161865 0.0
0.994791 0.178604 0.0
1.00402 0.154827 0.0
1.00779 0.142875 0.0
1.01592 0.18783 0.0
1.01633 0.201928 0.0
1.03471 0.18202 0.0
1.04115 0.193272 0.0
1.03592 0.208258 0.0
0.94747 0.216957 0.0
0.941148 0.232373 0.0
0.954686 0.244283 0.0
0.882323 0.267898 0.0
0.463822 0.0911637 0.0
1.08464 0.206082 0.0
1.07072 0.202771 0.0
1.06031 0.213683 0.0
1.08369 0.192628 0.0
0.221985 0.364817 0.0
0.213397 0.375604 0.0
0.442672 0.107518 0.0
0.438658 0.0923272 0.0
0.425498 0.101309 0.0
0.410582 0.0942148 0.0
0.394157 0.0965749 0.0
0.418001 0.113102 0.0
0.422324 0.126415 0.0
0.762029 0.0640883 0.0
0.598317 0.0148359 0.0
0.540656 0.144347 0.0
1.11451 0.120271 0.0
0.361199 0.43752 0.0
0.592811 0.232448 0.0
1.26474 0.0171609 0.0
1.27734 0.00920535 0.0
1.47795 0.390625 0.0
0.466479 0.179714 0.0
0.483872 0.176158 0.0
1.06176 0.0774409 0.0
1.12373 0.0624803 0.0
0.474741 0.0469063 0.0
0.488262 0.0380893 0.0
0.492188 0 0.0
0.489372 0.0219691 0.0
0.503394 0.043586 0.0
0.476271 0.0136039 0.0
0.501498 0.0123579 0.0
0.517974 0.016939 0.0
0.539062 0 0.0
0.520326 0.0337323 0.0
0.533638 0.0233062 0.0
0.535827 0.0395917 0.0
0.550801 0.0463414 0.0
0.538387 0.0568736 0.0
0.525305 0.0665878 0.0
0.541263 0.0725756 0.0
0.565501 0.0520848 0.0
0.563567 0.0364319 0.0
0.568101 0.066976 0.0
0.557257 0.0764775 0.0
0.546816 0.0140889 0.0
0.559818 0.0202956 0.0
0.542328 0.0867402 0.0
0.524274 0.229837 0.0
1.14893 0.0648447 0.0
0.693301 0.190306 0.0
1.23525 0.145886 0.0
1.2249 0.133809 0.0
1.21096 0.135367 0.0
1.20388 0.146911 0.0
0.960183 0.0143735 0.0
0.972111 0.00779282 0.0
0.949219 0.00659164 0.0
0.354336 0.251015 0.0
0.367778 0.252693 0.0
0.376059 0.264282 0.0
0.745007 0.469694 0.0
0.733744 0.483605 0.0
1.5 0.109375 0.0
1.48411 0.101562 0.0
0.612931 0.124015 0.0
0.625192 0.118873 0.0
1.13197 0.0173732 0.0
1.14844 0 0.0
1.17067 0.454576 0.0
0.669137 0.142219 0.0
0.960109 0.392819 0.0
0.973275 0.401075 0.0
0.96157 0.408728 0.0
0.9495 0.415881 0.0
0.961076 0.423813 0.0
0.976147 0.435353 0.0
0.960886 0.439672 0.0
0.94596 0.445826 0.0
0.926199 0.443296 0.0
0.971813 0.449161 0.0
0.9766 0.464563 0.0
0.991014 0.465078 0.0
1.00515 0.462909 0.0
0.986347 0.478139 0.0
1.00781 0.5 0.0
0.994934 0.489933 0.0
1.01324 0.473613 0.0
1.01984 0.488448 0.0
1.02003 0.462123 0.0
0.999466 0.450779 0.0
1.00624 0.438823 0.0
0.992136 0.439574 0.0
1.01992 0.439143 0.0
1.01185 0.426348 0.0
1.00373 0.413337 0.0
1.019 0.413503 0.0
1.03511 0.413709 0.0
0.988318 0.413962 0.0
1.03264 0.437367 0.0
1.00946 0.400686 0.0
1.03388 0.485995 0.0
1.04418 0.471676 0.0
1.04297 0.494948 0.0
1.05397 0.485548 0.0
0.748981 0.484426 0.0
0.762215 0.490634 0.0
0.778295 0.482774 0.0
0.775794 0.465187 0.0
0.782469 0.451018 0.0
0.778875 0.433373 0.0
0.796233 0.456166 0.0
0.808259 0.447718 0.0
0.823266 0.439047 0.0
0.807993 0.430843 0.0
0.808287 0.46454 0.0
0.826187 0.477323 0.0
0.808783 0.48277 0.0
0.792876 0.425691 0.0
0.762886 0.433202 0.0
0.753957 0.444121 0.0
0.75513 0.458879 0.0
1.10476 0.323321 0.0
1.39645 0.452737 0.0
1.40332 0.473258 0.0
1.38281 0.5 0.0
1.42969 0.5 0.0
1.44141 0.478854 0.0
1.41426 0.446787 0.0
1.43324 0.447787 0.0
1.45313 0.442841 0.0
1.47452 0.442855 0.0
1.5 0.46875 0.0
1.41874 0.428324 0.0
1.40476 0.415197 0.0
1.48237 0.460616 0.0
1.47656 0.5 0.0
1.47287 0.479337 0.0
1.42025 0.48293 0.0
1.37109 0.483171 0.0
1.38878 0.483347 0.0
0.937481 0.39452 0.0
0.022101 0.420726 0.0
1.42212 0.364866 0.0
1.42897 0.377175 0.0
1.43401 0.357319 0.0
1.45158 0.355607 0.0
1.43328 0.342647 0.0
1.44157 0.383881 0.0
1.45939 0.377277 0.0
1.43672 0.328409 0.0
1.46425 0.343405 0.0
1.4821 0.345874 0.0
1.45063 0.324355 0.0
1.46427 0.319483 0.0
1.48024 0.312999 0.0
1.5 0.28125 0.0
1.4675 0.304512 0.0
1.48411 0.293381 0.0
1.42139 0.388349 0.0
1.41213 0.398135 0.0
1.40637 0.386405 0.0
1.40205 0.374058 0.0
1.3936 0.385229 0.0
1.5 0.359375 0.0
1.48564 0.367188 0.0
1.43794 0.396852 0.0
1.44778 0.413156 0.0
1.43526 0.40959 0.0
1.42241 0.414913 0.0
1.5 0.328125 0.0
1.45614 0.29653 0.0
1.46952 0.289573 0.0
1.44215 0.30063 0.0
1.47973 0.280287 0.0
1.48331 0.260754 0.0
1.46454 0.253332 0.0
1.42428 0.332936 0.0
1.4634 0.406321 0.0
1.4808 0.407859 0.0
1.5 0.421875 0.0
1.48519 0.429688 0.0
1.47388 0.375792 0.0
1.22334 0.304713 0.0
0.336412 0.338501 0.0
0.34752 0.321618 0.0
0.364854 0.314443 0.0
0.924166 0.293867 0.0
0.627446 0.463347 0.0
0.616708 0.448288 0.0
0.617468 0.428947 0.0
0.599543 0.451215 0.0
0.582252 0.452003 0.0
0.592425 0.466992 0.0
0.585938 0.5 0.0
0.602573 0.482637 0.0
0.584471 0.482571 0.0
0.567078 0.483209 0.0
0.539062 0.5 0.0
0.550781 0.487785 0.0
0.533976 0.483391 0.0
0.641002 0.454395 0.0
0.529026 0.468724 0.0
0.526408 0.45168 0.0
0.516924 0.480977 0.0
0.49399 0.475801 0.0
0.509448 0.447061 0.0
0.489901 0.435734 0.0
0.471128 0.477218 0.0
0.458281 0.458702 0.0
0.467606 0.439142 0.0
0.446874 0.441262 0.0
0.498073 0.45947 0.0
0.542548 0.45344 0.0
0.557238 0.459852 0.0
0.445312 0.5 0.0
0.436863 0.426115 0.0
0.418956 0.422877 0.0
0.397472 0.406704 0.0
0.442051 0.408848 0.0
0.436101 0.391813 0.0
0.418964 0.388974 0.0
0.402049 0.390361 0.0
0.389575 0.3756 0.0
0.370208 0.372524 0.0
0.35364 0.385594 0.0
0.353882 0.406867 0.0
0.372464 0.418632 0.0
0.408133 0.436471 0.0
0.400003 0.452169 0.0
0.417334 0.455899 0.0
0.382805 0.45234 0.0
0.388263 0.468585 0.0
0.398438 0.5 0.0
0.376821 0.482262 0.0
0.351562 0.5 0.0
0.356013 0.479484 0.0
0.396475 0.483281 0.0
0.414001 0.484308 0.0
0.430933 0.485633 0.0
0.434419 0.454416 0.0
0.398954 0.422966 0.0
0.423508 0.471668 0.0
0.335411 0.400798 0.0
0.316881 0.393377 0.0
0.319322 0.412665 0.0
0.321714 0.432175 0.0
0.318855 0.452445 0.0
0.319279 0.477043 0.0
0.340472 0.440369 0.0
0.304688 0.5 0.0
0.446334 0.484598 0.0
0.453564 0.472229 0.0
0.459682 0.484102 0.0
0.387641 0.395139 0.0
0.383171 0.4089 0.0
0.385481 0.422196 0.0
0.375464 0.433225 0.0
0.37895 0.384414 0.0
0.366322 0.385584 0.0
0.371451 0.445733 0.0
0.355431 0.455226 0.0
0.305243 0.422211 0.0
0.282075 0.419159 0.0
0.275717 0.398352 0.0
0.300251 0.388343 0.0
0.492188 0.5 0.0
0.605055 0.437303 0.0
0.598182 0.424534 0.0
0.590142 0.41086 0.0
0.583932 0.423712 0.0
0.574931 0.435948 0.0
0.561885 0.430663 0.0
0.550643 0.438226 0.0
0.599039 0.400504 0.0
0.612994 0.400239 0.0
0.61954 0.41216 0.0
0.292521 0.429325 0.0
0.288442 0.44468 0.0
0.28073 0.459197 0.0
0.300925 0.455375 0.0
0.265068 0.4587 0.0
0.256619 0.445185 0.0
0.264346 0.429621 0.0
0.250495 0.464336 0.0
0.257812 0.5 0.0
0.245108 0.483376 0.0
0.233845 0.465953 0.0
0.278291 0.474676 0.0
0.290188 0.486121 0.0
0.270014 0.488478 0.0
0.279071 0.432695 0.0
0.226225 0.452227 0.0
0.233301 0.439061 0.0
0.226263 0.423439 0.0
0.211636 0.451605 0.0
0.202562 0.438673 0.0
0.218394 0.464483 0.0
0.304354 0.480365 0.0
0.309204 0.466969 0.0
0.210437 0.4266 0.0
0.314334 0.490016 0.0
0.398696 0.361875 0.0
0.415417 0.359204 0.0
0.394682 0.345424 0.0
0.400748 0.329726 0.0
0.416452 0.327752 0.0
0.426479 0.339477 0.0
0.438556 0.330134 0.0
0.444392 0.315747 0.0
0.452671 0.335763 0.0
0.455013 0.350885 0.0
0.458732 0.321892 0.0
0.476712 0.317949 0.0
0.470053 0.349019 0.0
0.443174 0.359974 0.0
0.452268 0.371642 0.0
0.466107 0.378287 0.0
0.477019 0.390502 0.0
0.470884 0.406326 0.0
0.492013 0.397778 0.0
0.503102 0.410698 0.0
0.472513 0.423061 0.0
0.429433 0.354635 0.0
0.505066 0.388211 0.0
0.504582 0.370584 0.0
0.477684 0.36919 0.0
0.415444 0.313339 0.0
0.379528 0.342397 0.0
0.366715 0.353088 0.0
0.425876 0.367508 0.0
0.446589 0.383655 0.0
0.456373 0.406511 0.0
0.448166 0.396502 0.0
0.557537 0.473477 0.0
0.0107297 0.335938 0.0
0.0170543 0.355898 0.0
0.0243451 0.376332 0.0
0.0192705 0.397067 0.0
1.43879 0.462935 0.0
1.45149 0.469023 0.0
1.45654 0.484288 0.0
1.45002 0.455788 0.0
0 0.109375 0.0
0.0116454 0.101562 0.0
0.0140837 0.0853422 0.0
0 0.078125 0.0
0.0284913 0.0861138 0.0
0.0387277 0.0752853 0.0
0.0340514 0.0606664 0.0
0.0466594 0.0420969 0.0
0 0.03125 0.0
0.0167261 0.0560207 0.0
0.0532894 0.0787457 0.0
0.0582349 0.0935022 0.0
0.0292732 0.0438573 0.0
0.0357402 0.020992 0.0
0.0234375 0 0.0
0.0628256 0.0680215 0.0
0.0593215 0.0529186 0.0
0.0699697 0.0422175 0.0
0.0845285 0.0349981 0.0
0.0703125 0 0.0
0.0854674 0.0165316 0.0
0.0765294 0.0703984 0.0
0.0870565 0.0873337 0.0
0.0867481 0.0617508 0.0
0.0849901 0.0484282 0.0
0.0984488 0.0569016 0.0
0.0583546 0.0344035 0.0
0.0554937 0.0162412 0.0
0.0463448 0.0288825 0.0
0.0164142 0.0210484 0.0
0 0.046875 0.0
0.0139868 0.0390625 0.0
0.0922338 0.104142 0.0
0.0108797 0.0703125 0.0
0.604306 0.241729 0.0
1.26561 0.0797052 0.0
0.962092 0.257629 0.0
0.96399 0.272226 0.0
0.968114 0.24556 0.0
0.970417 0.231427 0.0
0.450717 0.139304 0.0
0.447843 0.15459 0.0
1.02913 0.384681 0.0
0.134913 0.273079 0.0
0.339844 0.486717 0.0
0.726844 0.0428633 0.0
0.917322 0.1331 0.0
1.19843 0.20348 0.0
1.19092 0.187666 0.0
0.0965175 0.210075 0.0
0.868992 0.147767 0.0
0.863088 0.134356 0.0
0.833362 0.449588 0.0
0.835656 0.464977 0.0
0.0972386 0.154494 0.0
0.103029 0.170514 0.0
1.33594 0.5 0.0
1.32422 0.483769 0.0
1.04767 0.214508 0.0
1.32789 0.433562 0.0
1.34129 0.433816 0.0
1.348 0.422003 0.0
1.35136 0.441976 0.0
1.48754 0.380794 0.0
1.5 0.390625 0.0
0.10503 0.184672 0.0
0.105907 0.199093 0.0
0.25744 0.0537124 0.0
0.478371 0.302605 0.0
0.490997 0.292581 0.0
1.13288 0.489173 0.0
1.11918 0.487488 0.0
1.26029 0.209 0.0
1.27824 0.20578 0.0
1.19036 0.019772 0.0
1.09898 0.185727 0.0
0.983097 0.392544 0.0
0.295035 0.0898287 0.0
0.0611656 0.396887 0.0
0.410701 0.401596 0.0
0.593709 0.340993 0.0
1.04494 0.422889 0.0
1.20703 0.430085 0.0
0.0209276 0.465261 0.0
0.0291934 0.483476 0.0
0 0.484375 0.0
0.012057 0.476562 0.0
0.0126838 0.49074 0.0
1.46819 0.0184884 0.0
1.5 0.015625 0.0
1.48467 0.0234375 0.0
1.48828 0.0078125 0.0
1.48696 0.0378912 0.0
1.4833 0.0555926 0.0
1.5 0.046875 0.0
1.5 0.078125 0.0
1.48699 0.0703125 0.0
1.47364 0.0658393 0.0
1.46481 0.0772861 0.0
1.45024 0.075044 0.0
1.46835 0.053599 0.0
1.4598 0.0436403 0.0
1.46389 0.0310307 0.0
1.44603 0.0618902 0.0
0.250156 0.400235 0.0
1.36154 0.124818 0.0
1.27314 0.284208 0.0
1.31845 0.318908 0.0
0.693767 0.0751159 0.0
0.687927 0.0569244 0.0
0.668805 0.0539752 0.0
0.709695 0.0686452 0.0
0.689925 0.0389681 0.0
0.717593 0.0563538 0.0
0.117188 0.5 0.0
0.105469 0.475553 0.0
0.128906 0.481252 0.0
0.496515 0.423223 0.0
0.526767 0.259201 0.0
0.534872 0.27165 0.0
0.536019 0.286763 0.0
0.539825 0.299356 0.0
0.546188 0.313716 0.0
0.560381 0.311812 0.0
0.570534 0.298853 0.0
1.46094 0.236689 0.0
0 0.453125 0.0
0.013891 0.445312 0.0
0.0126638 0.431239 0.0
0 0.421875 0.0
0.0256918 0.433442 0.0
0.0413199 0.435264 0.0
0.0570454 0.434504 0.0
0.0721893 0.4391 0.0
0.0448589 0.450593 0.0
0.0642259 0.42051 0.0
0.0758623 0.40888 0.0
0.0752806 0.454091 0.0
0.0641905 0.46492 0.0
0.0566322 0.479359 0.0
0.0703125 0.5 0.0
0.0838662 0.473977 0.0
0.0874515 0.437929 0.0
0.0976524 0.422485 0.0
0.105347 0.442054 0.0
0.0338938 0.459559 0.0
0.0439437 0.485988 0.0
0.0558227 0.409589 0.0
0.0397551 0.407666 0.0
0.105736 0.458101 0.0
0.1179 0.467016 0.0
0.0703862 0.477361 0.0
0.0804011 0.488713 0.0
0.0939842 0.484132 0.0
0.107149 0.489779 0.0
0.0352606 0.423302 0.0
0.0106743 0.414062 0.0
0.0946301 0.465803 0.0
0.0893488 0.4062 0.0
0.489908 0.149144 0.0
0.387115 0.212665 0.0
0.343182 0.0376113 0.0
0.0248014 0.0313492 0.0
1.48968 0.398438 0.0
0.667969 0.0154835 0.0
0.89416 0.178018 0.0
0.516812 0.413984 0.0
0.0973104 0.0308101 0.0
0.108862 0.0370439 0.0
1.25749 0.477617 0.0
1.24219 0.5 0.0
1.23548 0.478994 0.0
1.26504 0.467257 0.0
0.578747 0.180703 0.0
1.18004 0.0441213 0.0
1.16632 0.041498 0.0
1.16234 0.203799 0.0
1.15427 0.191338 0.0
1.15678 0.172764 0.0
0.518303 0.365695 0.0
0.128895 0.0865211 0.0
1.5 0.484375 0.0
1.48742 0.476562 0.0
1.48732 0.490752 0.0
0.613385 0.0697989 0.0
0.621074 0.0564776 0.0
0.634297 0.0484657 0.0
0.633118 0.0344133 0.0
0.630155 0.0205685 0.0
0.640598 0.0114617 0.0
0.653973 0.0155843 0.0
0.657225 0.0295855 0.0
0.645899 0.038086 0.0
0.623301 0.00922718 0.0
0.659952 0.042584 0.0
0.640254 0.0603496 0.0
1.5 0.453125 0.0
1.48834 0.445312 0.0
1.39752 0.139903 0.0
0.178019 0.48655 0.0
0.0716412 0.328742 0.0
0.453443 0.180822 0.0
0.443299 0.172313 0.0
0.672914 0.218718 0.0
0.746698 0.0674855 0.0
0.755318 0.0787573 0.0
0.736708 0.059155 0.0
1.32323 0.248935 0.0
1.3419 0.148538 0.0
1.32766 0.146025 0.0
0.147002 0.482978 0.0
1.22199 0.0924822 0.0
1.22427 0.105273 0.0
1.23629 0.110066 0.0
0.213921 0.0866241 0.0
0.366252 0.299093 0.0
0.35644 0.287591 0.0
0.703873 0.0338903 0.0
0.247755 0.0961618 0.0
0.418628 0.231217 0.0
0.432566 0.220729 0.0
0.4461 0.22717 0.0
0.45785 0.220989 0.0
0.0710078 0.0938221 0.0
0.134353 0.429501 0.0
0.123764 0.438587 0.0
0.133187 0.447892 0.0
0.503906 0.489644 0.0
0.387149 0.274612 0.0
0.400091 0.276298 0.0
0.412361 0.285533 0.0
0.410412 0.26752 0.0
0.408877 0.254483 0.0
0.419483 0.245252 0.0
0.431796 0.250886 0.0
0.444126 0.247471 0.0
0.942453 0.164627 0.0
0.569678 0.455716 0.0
0.754284 0.169589 0.0
0 0.171875 0.0
0.0126563 0.164062 0.0
0.0129611 0.178714 0.0
0.522994 0.437998 0.0
0.0987523 0.373048 0.0
0.0979082 0.357919 0.0
0.0966256 0.387891 0.0
0.0847562 0.379757 0.0
0.0709536 0.385259 0.0
0.109383 0.350307 0.0
0.101212 0.33644 0.0
0.0857509 0.351795 0.0
0.073481 0.357682 0.0
0.0609995 0.361813 0.0
0.0501498 0.353365 0.0
0.0383036 0.344417 0.0
0.0485723 0.367699 0.0
0.0483581 0.381104 0.0
0.0372449 0.374222 0.0
0.0727443 0.370809 0.0
0.0363125 0.331417 0.0
0.611043 0.212772 0.0
0.863047 0.331483 0.0
1.17292 0.423242 0.0
0.316435 0.107827 0.0
1.39176 0.29657 0.0
0.263027 0.400521 0.0
0.674182 0.486042 0.0
0.386719 0.492901 0.0
0 0.203125 0.0
0.0166858 0.210938 0.0
0.0106566 0.195312 0.0
0 0.015625 0.0
0.0116844 0.0078125 0.0
1.49 0.335938 0.0
1.4881 0.3232 0.0
1.19211 0.405358 0.0
0.646271 0.442324 0.0
1.46484 0.49432 0.0
0.529862 0.0101431 0.0
0.8264 0.0450938 0.0
0.833809 0.0565584 0.0
0.840256 0.0442662 0.0
0.81975 0.0336649 0.0
0.822025 0.0168657 0.0
0.838031 0.0150578 0.0
0.808594 0.00971007 0.0
0.851482 0.0115516 0.0
0.847754 0.0248028 0.0
0.140197 0.342065 0.0
0.0582973 0.203419 0.0
0.0624981 0.219417 0.0
0.0769151 0.226148 0.0
0.0502541 0.229086 0.0
0.0489244 0.214815 0.0
0.0413911 0.202805 0.0
0.0279416 0.203539 0.0
0.0359422 0.229504 0.0
0.0282252 0.24115 0.0
0.0238996 0.223448 0.0
0.28972 0.397603 0.0
0.794325 0.485508 0.0
0.785156 0.494591 0.0
0.261499 0.373557 0.0
0.270678 0.383341 0.0
0.83785 0.39036 0.0
0.829044 0.401886 0.0
0.834677 0.415359 0.0
0.84886 0.41687 0.0
0.857645 0.426706 0.0
0.870404 0.428155 0.0
0.792243 0.0718354 0.0
0.732802 0.0258134 0.0
0.741967 0.0132837 0.0
0.756187 0.0128124 0.0
0.764373 0.023788 0.0
0.772261 0.0131726 0.0
0.787882 0.0129833 0.0
0.759411 0.0358204 0.0
0.746385 0.0385365 0.0
0.728646 0.0131571 0.0
0.714844 0.00859965 0.0
0.70217 0.0135852 0.0
0.690356 0.00774063 0.0
0.110723 0.327657 0.0
0.937137 0.436299 0.0
0.143912 0.113428 0.0
0.129496 0.120245 0.0
0.117357 0.126675 0.0
0.393829 0.155157 0.0
0.402932 0.1452 0.0
0.416894 0.146714 0.0
0.399142 0.166783 0.0
0.411458 0.169919 0.0
0.212065 0.181987 0.0
1.4529 0.427558 0.0
1.46383 0.435035 0.0
1.44 0.138576 0.0
1.44799 0.128401 0.0
0.499343 0.242757 0.0
0.495085 0.259378 0.0
0.480435 0.26609 0.0
0.506251 0.269685 0.0
0.509431 0.28258 0.0
1.36389 0.0649847 0.0
1.01454 0.360446 0.0
1.018 0.347639 0.0
1.2159 0.344996 0.0
1.29895 0.416137 0.0
0.598545 0.217394 0.0
0.0864575 0.217796 0.0
1.24543 0.135815 0.0
0.338098 0.0880921 0.0
0.248432 0.173799 0.0
0.41913 0.217378 0.0
0.174912 0.194757 0.0
0.16169 0.198125 0.0
1.30655 0.22732 0.0
1.30238 0.240554 0.0
1.46461 0.392858 0.0
0.918792 0.251709 0.0
1.45866 0.282422 0.0
1.44756 0.270237 0.0
1.5 0.265625 0.0
1.49021 0.273438 0.0
0.176887 0.372954 0.0
0.164022 0.374811 0.0
0.588014 0.111949 0.0
0.587408 0.0990864 0.0
1.03032 0.0137731 0.0
1.39996 0.0566002 0.0
1.41026 0.0658228 0.0
0.19295 0.135141 0.0
0.257578 0.485845 0.0
0.325391 0.151782 0.0
1.28353 0.219138 0.0
0.781199 0.421008 0.0
1.09403 0.22664 0.0
1.08103 0.23101 0.0
0.343529 0.473268 0.0
0.26949 0.0802085 0.0
0.720807 0.0800527 0.0
0.486919 0.0715425 0.0
1.09029 0.305926 0.0
0.490295 0.3229 0.0
0.503314 0.328669 0.0
0.504341 0.341824 0.0
0.480442 0.331319 0.0
0.907694 0.482805 0.0
1.13631 0.173496 0.0
0.471972 0.256705 0.0
0.469627 0.243973 0.0
0.479662 0.235965 0.0
0.365195 0.490031 0.0
0.450945 0.0257297 0.0
0.176682 0.114685 0.0
0.18768 0.104373 0.0
0.203351 0.107803 0.0
1.5 0.296875 0.0
0.690098 0.172838 0.0
1.05692 0.231213 0.0
0.532055 0.336918 0.0
0.141799 0.0998 0.0
0.608483 0.362853 0.0
1.29329 0.446547 0.0
1.16016 0.0139982 0.0
1.17481 0.0143616 0.0
1.18359 0.00508567 0.0
1.20157 0.027533 0.0
0.857369 0.192844 0.0
1.42051 0.22696 0.0
0.156074 0.170949 0.0
0.143968 0.164887 0.0
0.129672 0.169293 0.0
0.160034 0.158886 0.0
0.131169 0.154908 0.0
1.43999 0.0972775 0.0
1.42602 0.0920044 0.0
1.20794 0.319837 0.0
0.865377 0.482239 0.0
0.878906 0.489833 0.0
0.877862 0.475844 0.0
0.882977 0.462599 0.0
0.898229 0.457259 0.0
0.904706 0.469339 0.0
0.891712 0.48691 0.0
0.907728 0.44761 0.0
0.914966 0.4369 0.0
0.855469 0.492222 0.0
1.40204 0.48693 0.0
0.495015 0.168077 0.0
1.1772 0.147148 0.0
1.18658 0.136459 0.0
1.17979 0.159586 0.0
1.17107 0.169684 0.0
0.587767 0.0245457 0.0
1.3445 0.0565315 0.0
1.33533 0.0685689 0.0
1.33032 0.0538131 0.0
1.31878 0.0396869 0.0
1.34284 0.0810342 0.0
1.32266 0.0688 0.0
1.31003 0.0686606 0.0
1.31067 0.0274943 0.0
1.31332 0.013863 0.0
1.32422 0.00626298 0.0
1.33558 0.0134329 0.0
1.34766 0.00702983 0.0
0.353873 0.351715 0.0
0.341153 0.35666 0.0
0.340032 0.370075 0.0
0.188977 0.301845 0.0
1.25507 0.00806076 0.0
0.199219 0.00699731 0.0
0.72051 0.487578 0.0
0.649583 0.124414 0.0
0.857463 0.171901 0.0
0.191462 0.0442545 0.0
0.619859 0.185212 0.0
0.980055 0.106278 0.0
0.990526 0.098261 0.0
1.25986 0.232471 0.0
1.27425 0.235632 0.0
0.941902 0.245165 0.0
0.934385 0.25633 0.0
0.937018 0.269519 0.0
0.353321 0.423201 0.0
1.27268 0.157236 0.0
1.28234 0.167156 0.0
1.17477 0.478104 0.0
0.0741856 0.157338 0.0
0.0710905 0.172341 0.0
0.0808981 0.181336 0.0
0.496601 0.446702 0.0
1.20078 0.178659 0.0
1.40878 0.460021 0.0
0 0.390625 0.0
0.0117814 0.382812 0.0
0.0124764 0.368975 0.0
0 0.359375 0.0
1.00548 0.32622 0.0
1.2192 0.162038 0.0
1.5 0.234375 0.0
1.48788 0.242188 0.0
1.476 0.247315 0.0
1.48917 0.226562 0.0
0.301933 0.170083 0.0
0.30411 0.156415 0.0
0.290932 0.161685 0.0
0.301933 0.329917 0.0
0.290932 0.338316 0.0
0.30411 0.343585 0.0
0.306592 0.35824 0.0
0.294225 0.367236 0.0
0.280644 0.360562 0.0
1.14634 0.0136617 0.0
1.13672 0.00519149 0.0
1.02993 0.254849 0.0
1.01476 0.260608 0.0
0.596249 0.189191 0.0
0.110393 0.416678 0.0
0.122929 0.411091 0.0
0.109725 0.429735 0.0
0.990168 0.293385 0.0
1.00327 0.288821 0.0
0.0737688 0.271196 0.0
0.435439 0.207908 0.0
0.445444 0.199301 0.0
0.352502 0.0275373 0.0
0.574219 0.494175 0.0
1.00462 0.0255675 0.0
0.657474 0.222681 0.0
0.646513 0.229411 0.0
0.636015 0.236668 0.0
0.635786 0.249724 0.0
1.20556 0.293817 0.0
1.28715 0.275477 0.0
0.623615 0.308486 0.0
1.02852 0.291219 0.0
0.808294 0.363613 0.0
1.10187 0.347056 0.0
1.45176 0.171116 0.0
1.36842 0.407972 0.0
1.36805 0.421469 0.0
1.37931 0.429242 0.0
1.39179 0.423207 0.0
0.811149 0.135756 0.0
0.800914 0.12637 0.0
0.815848 0.124072 0.0
0.0688674 0.0135625 0.0
0.207883 0.47748 0.0
0.203195 0.489583 0.0
0.115873 0.0844738 0.0
0.1183 0.0970076 0.0
0.103666 0.0807784 0.0
1.18602 0.264273 0.0
0.4309 0.00867581 0.0
1.47142 0.173523 0.0
0.812778 0.0709558 0.0
0.196017 0.451223 0.0
0.793885 0.112373 0.0
1.26354 0.114542 0.0
0.195591 0.357694 0.0
1.4657 0.136786 0.0
1.4683 0.14987 0.0
1.31901 0.123926 0.0
1.12281 0.36231 0.0
1.12436 0.349012 0.0
1.11578 0.373025 0.0
0.327406 0.326096 0.0
1.29527 0.465854 0.0
1.28721 0.477623 0.0
1.27985 0.489496 0.0
1.30816 0.467464 0.0
0.0471922 0.27962 0.0
0.129985 0.187092 0.0
0.134532 0.200156 0.0
0.207391 0.398955 0.0
0.152716 0.471011 0.0
0.894365 0.328518 0.0
1.09713 0.26482 0.0
1.09383 0.252149 0.0
0.365212 0.328102 0.0
1.43411 0.0159164 0.0
0.155976 0.320364 0.0
1.33279 0.472064 0.0
1.34194 0.461134 0.0
1.33039 0.455937 0.0
1.1902 0.455944 0.0
0.895996 0.0218425 0.0
0.154754 0.445913 0.0
0.960074 0.330996 0.0
0.347187 0.207883 0.0
1.30054 0.146085 0.0
1.36826 0.468705 0.0
1.35941 0.477948 0.0
1.34959 0.48896 0.0
1.33731 0.484367 0.0
1.28046 0.192867 0.0
1.10605 0.240293 0.0
0.0441483 0.10412 0.0
0.679682 0.0469174 0.0
1.39238 0.409199 0.0
0.652366 0.093331 0.0
0.642472 0.0833756 0.0
0.629961 0.08735 0.0
0.325744 0.174135 0.0
0.0301456 0.267827 0.0
0.173646 0.435913 0.0
0.465019 0.0551284 0.0
0.537029 0.388229 0.0
0.531391 0.401588 0.0
1.33096 0.0345119 0.0
0.27537 0.178536 0.0
0.27537 0.321464 0.0
1.22955 0.465599 0.0
0.696229 0.147685 0.0
1.24008 0.2292 0.0
0.295382 0.132209 0.0
0.281036 0.138213 0.0
0.989314 0.368623 0.0
0.590929 0.382488 0.0
0.553417 0.353568 0.0
0.563398 0.377934 0.0
0.770752 0.130996 0.0
1.29584 0.0915613 0.0
1.20093 0.487835 0.0
1.08263 0.469293 0.0
0.362289 0.184622 0.0
1.28926 0.0724223 0.0
0.150029 0.401161 0.0
0.341034 0.195576 0.0
0 0.234375 0.0
1.1223 0.411288 0.0
1.29091 0.118938 0.0
1.4148 0.27893 0.0
0.408869 0.0632557 0.0
1.26585 0.369958 0.0
0.0987309 0.242087 0.0
1.30896 0.0476029 0.0
0.663895 0.0664026 0.0
1.48738 0.151681 0.0
1.5 0.140625 0.0
1.48901 0.132812 0.0
0.122972 0.226644 0.0
0.590163 0.0507391 0.0
0.483219 0.487166 0.0
1.41493 0.0375478 0.0
1.22445 0.487379 0.0
0.863401 0.216848 0.0
0.452927 0.29452 0.0
0.837787 0.138415 0.0
0.984727 0.135977 0.0
0.363881 0.0924385 0.0
0.352889 0.232744 0.0
1.20168 0.0121032 0.0
0.319613 0.38028 0.0
0.100105 0.268374 0.0
0.113354 0.265572 0.0
0.559241 0.404628 0.0
1.32497 0.0966559 0.0
0.118762 0.023256 0.0
1.28753 0.0445334 0.0
0.837138 0.486982 0.0
1.26439 0.179917 0.0
1.01065 0.237217 0.0
0.185981 0.414875 0.0
0.162666 0.133829 0.0
0.367366 0.0654168 0.0
0.166419 0.05856 0.0
0.176215 0.0671741 0.0
0.178536 0.080078 0.0
0.190908 0.0844597 0.0
0.56827 0.332364 0.0
1.30966 0.269844 0.0
0.0559016 0.248189 0.0
0.987624 0.254454 0.0
0.184027 0.1618 0.0
1.22722 0.20671 0.0
1.24702 0.486883 0.0
0.164679 0.0978011 0.0
1.01005 0.0804238 0.0
0.860736 0.452296 0.0
0.426781 0.190364 0.0
